0.028158 
0.348206 
0.124826 
0.161974 
-0.385670 
-0.180713 
0.038458 
-0.028742 
-0.020140 
0.778033 
0.862404 
0.929621 
-0.809281 
-1.051437 
-0.795697 
0.197437 
-0.235091 
-1.663212 
-3.408304 
-0.202316 
-1.930391 
-3.114408 
1.628516 
2.777957 
1.885239 
0.884899 
0.014935 
1.859670 
0.641602 
0.663465 
-0.128878 
0.116266 
1.134507 
1.143437 
-0.019947 
-0.393359 
-1.561042 
-0.064380 
-0.219635 
-0.089175 
-0.681916 
0.018837 
-0.196554 
-0.110879 
1.052718 
0.030158 
0.399490 
0.381903 
0.487625 
-0.364114 
-0.432272 
-0.399012 
-0.006058 
-0.080913 
0.699920 
0.750772 
0.463165 
-0.728682 
-0.532836 
-0.669146 
0.233315 
-0.158245 
-1.750406 
-3.143163 
-0.198138 
-1.626608 
-3.314429 
1.640833 
2.772931 
1.942939 
0.890821 
0.372417 
1.898869 
0.827778 
-0.388914 
-0.180789 
0.053345 
-0.402806 
-1.348005 
-0.096375 
0.856191 
0.883313 
-0.066899 
-0.034165 
0.197098 
0.640401 
1.742417 
-0.328441 
-0.780973 
-1.134312 
0.039433 
0.378829 
0.402011 
0.594639 
-0.404885 
-0.345376 
-0.137099 
-0.035789 
-0.004773 
0.752093 
1.062144 
0.576269 
-0.806716 
-0.842602 
-1.228178 
0.162173 
-0.304191 
-2.000103 
-2.330141 
-0.265121 
-1.940269 
-3.789555 
1.698364 
2.966011 
2.020828 
0.768701 
0.316176 
1.943469 
0.665906 
0.087753 
-0.195219 
0.064057 
0.679216 
-1.273271 
-0.100258 
0.674214 
0.199330 
-0.056722 
-0.106829 
0.089951 
-0.225857 
0.977405 
-0.335844 
-0.779175 
0.389001 
0.033012 
0.369935 
0.283139 
0.425326 
-0.370973 
-0.407666 
-0.296545 
-0.011913 
0.002802 
0.798200 
0.883883 
1.200361 
-0.741494 
-0.873453 
-1.294615 
0.353272 
-0.076785 
-1.590174 
-3.186483 
-0.073524 
-1.690486 
-3.421559 
1.822351 
3.042691 
2.090408 
0.847093 
-0.547872 
2.079432 
0.737147 
-0.385511 
-0.188748 
0.069909 
0.975598 
0.079041 
-0.076220 
0.511337 
-0.216333 
-0.092197 
-0.062662 
-0.032730 
-0.315465 
-0.258074 
-0.279468 
-0.400133 
0.286144 
0.031449 
0.365042 
0.269493 
0.418425 
-0.392981 
-0.237261 
0.028985 
-0.033414 
-0.069521 
0.680035 
0.635640 
0.763852 
-0.748708 
-0.899698 
-0.811339 
0.061121 
-0.347598 
-1.547180 
-3.134906 
-0.323611 
-1.826970 
-2.822294 
1.397530 
2.477015 
1.703551 
0.838097 
0.183790 
1.673906 
0.891661 
0.775888 
-0.159237 
0.039019 
1.022417 
1.212871 
-0.122816 
-0.708086 
-1.907190 
-0.036734 
0.058878 
-0.137247 
-0.914008 
-1.528316 
0.179460 
0.938204 
2.062784 
0.046437 
0.414406 
0.260598 
0.251302 
-0.381584 
-0.298248 
-0.121532 
-0.014161 
-0.040927 
0.778611 
0.770703 
1.047382 
-0.829084 
-0.862636 
-1.021266 
0.307193 
-0.111899 
-1.709747 
-3.405008 
-0.110889 
-1.877787 
-3.124386 
1.796771 
2.960785 
2.086751 
0.919800 
-0.457908 
2.013203 
0.837905 
-0.124783 
-0.143565 
0.090891 
0.729279 
0.301686 
-0.041072 
0.053573 
-1.076905 
-0.088908 
-0.109418 
-0.065066 
-0.314066 
-0.414327 
-0.127896 
0.085471 
1.120323 
0.031634 
0.405281 
0.387250 
0.587962 
-0.318356 
-0.385995 
-0.378781 
-0.009151 
0.037932 
0.739161 
0.981021 
0.191677 
-0.690080 
-0.567799 
-1.011758 
0.099279 
-0.284177 
-1.930938 
-3.148266 
-0.340414 
-1.619992 
-3.349797 
1.518834 
2.657046 
1.799455 
0.748023 
1.318917 
1.730229 
0.760241 
0.041560 
-0.090345 
0.132881 
-0.305699 
-1.503760 
0.029333 
1.131137 
1.173913 
-0.043693 
-0.247346 
0.124713 
0.316520 
1.159082 
-0.396995 
-1.192594 
-0.287147 
0.057469 
0.454725 
0.253240 
0.356323 
-0.328483 
-0.418342 
-0.026575 
-0.007187 
0.003339 
0.802882 
1.040378 
0.379718 
-0.771761 
-0.792011 
-1.003716 
0.157419 
-0.250884 
-2.073889 
-3.772678 
-0.315120 
-1.868623 
-2.500598 
1.636940 
2.867108 
1.948410 
0.663536 
1.067621 
1.915994 
0.727024 
-0.202259 
-0.210037 
0.054243 
0.475285 
-0.295820 
-0.081249 
0.893802 
-0.886877 
-0.046531 
-0.219640 
0.095680 
0.212569 
1.363189 
-0.337959 
-1.009024 
-0.007631 
0.041961 
0.389957 
0.205340 
0.342522 
-0.344506 
-0.475469 
-0.174238 
-0.022239 
-0.056960 
0.774350 
1.036369 
0.599883 
-0.777660 
-0.756541 
-0.782772 
0.107825 
-0.311269 
-1.931503 
-3.673985 
-0.335099 
-1.973085 
-2.953122 
1.655352 
2.823759 
1.947785 
0.847468 
0.650291 
1.900671 
0.670607 
0.574306 
-0.254187 
0.008253 
0.693313 
-0.001490 
-0.158375 
0.470657 
-0.999596 
-0.040459 
0.014155 
-0.018410 
-0.588786 
0.881761 
-0.222725 
-0.668751 
0.884639 
0.022044 
0.333700 
0.178265 
0.139750 
-0.424836 
-0.261997 
-0.066269 
-0.047718 
0.019182 
0.767158 
1.188897 
0.980213 
-0.831758 
-1.144603 
-0.852030 
0.088987 
-0.389131 
-1.838282 
-2.772146 
-0.316048 
-2.040659 
-3.712766 
1.560242 
2.679785 
1.831673 
0.875436 
-0.081630 
1.737858 
0.807596 
1.569084 
-0.132258 
0.064899 
0.838583 
-0.713826 
-0.101360 
0.179771 
-0.566651 
-0.051019 
-0.306728 
0.052795 
-0.620167 
0.166491 
-0.218752 
0.252827 
1.155396 
0.056198 
0.393902 
0.388403 
0.583840 
-0.320514 
-0.464201 
-0.535902 
-0.014925 
0.014477 
0.667812 
0.871330 
0.756380 
-0.710263 
-0.720163 
-0.966374 
0.331594 
-0.107569 
-1.704233 
-3.477348 
-0.095550 
-1.695419 
-3.502306 
1.763312 
2.968792 
2.102151 
0.882526 
0.033341 
2.011057 
0.768968 
-0.279316 
-0.163569 
0.002765 
0.298680 
-0.207425 
-0.123686 
0.046146 
-0.447279 
-0.097356 
-0.182110 
0.008226 
0.021483 
0.991864 
-0.236358 
-0.316454 
0.405070 
0.179639 
0.510573 
0.223283 
0.169423 
-0.236157 
-0.759389 
-0.797706 
-0.031224 
-0.157053 
0.708739 
1.120124 
1.491442 
-0.788148 
-0.701948 
-0.931600 
0.146164 
-0.299472 
-1.187680 
-3.146013 
-0.320369 
-1.155373 
-3.122218 
1.619567 
2.766035 
2.019499 
0.925349 
-0.431220 
1.988789 
0.815675 
-0.618733 
-0.623375 
-0.327514 
1.234669 
1.100488 
-0.537469 
0.993624 
0.817962 
-0.019272 
0.335613 
0.275331 
-0.347667 
-0.583567 
-0.179027 
-0.934085 
-1.205711 
0.009401 
0.347943 
0.304856 
0.447585 
-0.370159 
-0.394099 
-0.413145 
-0.001121 
-0.008999 
0.770799 
0.845954 
1.015626 
-0.677119 
-0.751855 
-1.125665 
0.405554 
-0.016599 
-1.714768 
-3.444455 
-0.031547 
-1.677317 
-3.397428 
1.818457 
3.005637 
2.102806 
0.866534 
-0.390600 
2.121992 
0.803832 
-0.452097 
-0.140230 
0.083182 
0.382162 
-0.092878 
-0.057882 
0.390587 
-0.165241 
-0.106409 
-0.061091 
-0.003308 
0.008340 
0.535110 
-0.324334 
-0.436352 
-0.011656 
0.256771 
0.534622 
0.211664 
0.282171 
-0.108738 
-0.689857 
-0.445273 
-0.039259 
-0.232993 
0.564946 
0.886721 
1.066699 
-0.738246 
-0.598313 
-0.950917 
0.104765 
-0.310464 
-0.875550 
-2.556784 
-0.315392 
-0.859224 
-2.573414 
1.385979 
2.362096 
1.798498 
0.684279 
-0.538871 
1.722706 
0.620860 
-0.649481 
-0.799173 
-0.551718 
0.997562 
0.486749 
-0.763681 
0.717256 
0.243513 
0.001564 
0.447856 
0.315955 
0.001150 
0.320916 
-0.178676 
-0.703331 
-0.535941 
0.120612 
0.457557 
0.156992 
0.628650 
-0.269754 
-0.538289 
-0.214253 
-0.036154 
-0.001477 
0.579220 
1.090808 
0.886340 
-0.750584 
-0.867505 
-1.242162 
0.216989 
-0.271507 
-1.458057 
-2.936209 
-0.212113 
-1.362387 
-2.938418 
1.511368 
2.816151 
1.862052 
0.663642 
0.070848 
1.751926 
0.522943 
-0.237228 
-0.467433 
-0.367009 
0.736997 
-0.411353 
-0.588326 
0.547886 
-0.573789 
-0.060930 
-0.260519 
0.213340 
0.113929 
1.209572 
-0.104092 
-0.437874 
0.449601 
0.202476 
0.601131 
0.360534 
0.509120 
-0.221869 
-0.578740 
-0.277709 
-0.023801 
-0.066293 
0.705161 
1.191655 
0.853693 
-0.831395 
-0.978490 
-1.445474 
0.283084 
-0.236050 
-1.786908 
-3.811840 
-0.240957 
-0.902626 
-2.508321 
1.659082 
3.079759 
2.007873 
0.629198 
-0.389434 
1.958645 
0.558367 
-0.299871 
-0.697329 
-0.501044 
0.193259 
-0.565616 
-0.744513 
1.016456 
-0.372325 
-0.049296 
0.201067 
0.345258 
0.242710 
1.245738 
-0.148361 
-0.566580 
0.400577 
0.094899 
0.379035 
0.365030 
0.479364 
-0.266088 
-0.475133 
-0.440285 
-0.020305 
-0.261763 
0.643236 
0.958261 
0.822061 
-0.703141 
-0.636413 
-0.938760 
0.268937 
-0.141535 
-1.728134 
-3.499022 
-0.148404 
-1.713171 
-3.547173 
1.748775 
2.631749 
2.160539 
1.070059 
-0.022012 
2.108303 
0.954111 
-0.143023 
-0.401247 
-0.151025 
0.479175 
0.373413 
-0.321729 
0.355759 
0.246229 
-0.064560 
0.543212 
0.113197 
-0.259998 
0.268259 
-0.286259 
-0.713170 
-0.181255 
0.380542 
0.684450 
0.490299 
0.520209 
0.030636 
-0.222899 
0.109992 
-0.022255 
-0.264790 
0.655861 
0.741264 
0.049981 
-0.762951 
-1.108450 
-1.281891 
0.429303 
-0.043790 
-1.639926 
-3.222951 
-0.041076 
-1.444494 
-2.955631 
1.396339 
2.302818 
1.687869 
0.702673 
0.495907 
1.628113 
0.429674 
0.275174 
-1.047311 
-0.885952 
-0.375917 
-1.206066 
-1.104016 
-0.237684 
-1.136357 
-0.043406 
0.628104 
0.424852 
1.107376 
2.223902 
-0.172809 
0.282207 
1.543077 
0.231577 
0.567853 
0.493555 
0.550169 
-0.133761 
-0.011790 
0.204570 
-0.019891 
-0.054493 
0.718124 
0.895475 
0.010849 
-0.704354 
-1.095598 
-1.652285 
0.295788 
-0.174633 
-1.257240 
-2.730913 
-0.192499 
-1.934935 
-3.788358 
1.524071 
2.672995 
1.787516 
0.559803 
0.329370 
1.889065 
0.572474 
0.447496 
-0.765223 
-0.583158 
0.847958 
-0.262387 
-0.810115 
-0.423895 
-1.003314 
-0.042744 
0.387307 
0.373618 
0.591142 
1.596579 
-0.218173 
-0.465968 
0.778372 
0.028593 
0.343395 
0.099129 
0.191655 
-0.357021 
-0.256063 
-0.020463 
-0.013325 
-0.069399 
0.786905 
0.986099 
1.262586 
-0.776533 
-0.865926 
-1.339633 
0.382429 
-0.065080 
-1.415202 
-3.069681 
-0.048742 
-1.836504 
-3.543422 
1.830736 
2.916169 
2.089937 
0.830290 
-0.450632 
2.073480 
0.785136 
-0.478916 
-0.295168 
-0.059210 
0.964118 
0.580509 
-0.248875 
-0.110691 
-0.595903 
-0.095400 
0.377355 
0.007602 
-0.137432 
0.265598 
-0.297021 
-0.471856 
0.116375 
0.017691 
0.375937 
0.194454 
0.134202 
-0.337096 
-0.478419 
-0.207337 
0.003985 
0.144961 
0.830047 
1.010220 
1.205869 
-0.775805 
-0.878056 
-1.240654 
0.386651 
-0.026319 
-1.848497 
-3.571579 
-0.065151 
-1.748150 
-3.052030 
1.849727 
2.881324 
2.094026 
0.871591 
-0.292486 
2.053734 
0.793057 
-0.325899 
-0.223008 
0.010945 
0.132687 
-0.224556 
-0.148348 
0.526537 
-0.519086 
-0.098487 
0.292724 
-0.001786 
-0.120032 
0.578905 
-0.296456 
-0.347890 
0.437852 
-0.034321 
0.246159 
0.677306 
1.221567 
-0.309846 
-0.426084 
0.057533 
-0.023176 
0.108112 
0.523602 
1.074818 
1.086052 
-0.552845 
-1.584712 
-2.064164 
-0.060647 
-0.429700 
-1.661690 
-2.652231 
-0.444166 
-1.685237 
-3.129131 
1.149441 
2.045599 
1.132833 
1.048368 
1.464060 
1.395337 
0.993335 
0.833828 
-0.344986 
-0.211089 
-0.732285 
-1.681589 
-0.463546 
-0.037450 
-0.218651 
-0.005044 
0.040447 
0.367049 
1.286798 
2.105416 
-0.294780 
-0.244162 
0.433872 
0.144781 
0.489933 
0.930656 
1.693226 
-0.187733 
-0.706720 
-0.891489 
-0.024001 
-0.180565 
0.737492 
0.734484 
0.124957 
-0.737667 
-1.050562 
-1.076793 
0.015722 
-0.388900 
-1.893196 
-3.010525 
-0.434329 
-1.893056 
-3.265268 
1.325532 
2.414353 
1.636521 
0.492433 
1.586970 
1.543348 
0.418215 
1.452180 
-0.480196 
-0.282048 
0.139293 
-0.949747 
-0.455677 
0.131478 
-0.917513 
-0.002941 
0.395945 
0.214551 
0.548831 
1.055533 
-0.200086 
-0.017736 
0.820314 
0.109116 
0.457693 
0.578255 
0.819900 
-0.229094 
-0.589376 
-0.512808 
-0.022118 
-0.087011 
0.748334 
0.878687 
0.382115 
-0.753810 
-0.864568 
-0.915315 
0.055859 
-0.350604 
-1.981255 
-3.296818 
-0.387283 
-1.868891 
-3.416079 
1.441815 
2.599013 
1.732179 
0.597928 
1.481175 
1.629558 
0.402597 
1.360804 
-0.378473 
-0.180378 
0.015865 
-1.040866 
-0.341842 
0.396653 
-0.407024 
-0.021138 
0.141494 
0.172609 
0.435531 
1.211211 
-0.263712 
-0.364549 
0.624617 
0.031371 
0.320203 
0.339026 
0.940042 
-0.338014 
-0.631668 
-0.331125 
-0.034654 
-0.013797 
0.760301 
0.891387 
0.505999 
-0.739402 
-0.969074 
-0.730594 
0.051696 
-0.392265 
-1.788197 
-3.356493 
-0.373483 
-2.027568 
-3.020052 
1.378303 
2.477212 
1.616136 
0.481049 
1.526564 
1.651306 
0.440779 
1.335013 
-0.443394 
-0.227291 
0.693175 
0.330856 
-0.482325 
-0.565320 
-1.948531 
-0.017306 
0.331930 
0.117069 
0.393455 
1.152597 
-0.132154 
-0.052791 
0.850029 
0.092713 
0.393406 
0.782019 
1.590227 
-0.291323 
-1.117654 
-1.441169 
-0.032184 
0.018740 
0.733229 
1.148648 
0.929128 
-0.721705 
-0.890317 
-1.193757 
0.097537 
-0.344576 
-1.555589 
-3.111819 
-0.339293 
-1.674765 
-2.979964 
1.397053 
2.547333 
1.667830 
0.605220 
1.351463 
1.688100 
0.528506 
0.122965 
-0.527870 
-0.286687 
0.822540 
0.398759 
-0.526656 
-0.081888 
-1.298450 
-0.015963 
0.334941 
0.253982 
0.384808 
1.358221 
-0.193788 
-0.802881 
0.180932 
0.048757 
0.406081 
0.297408 
-0.050851 
-0.360027 
-0.216038 
0.043934 
-0.019672 
-0.164303 
0.786277 
1.036324 
1.112816 
-0.805173 
-0.943666 
-1.171866 
0.364423 
-0.102930 
-1.767952 
-3.225387 
-0.064344 
-1.530310 
-3.412229 
1.862042 
2.992405 
2.108829 
0.868058 
-0.236798 
1.943147 
0.630960 
-0.429913 
0.046103 
0.180457 
0.181800 
-0.961699 
0.116212 
0.866592 
0.814018 
-0.121430 
-0.150723 
0.023427 
-0.225646 
0.094419 
-0.261058 
-0.450512 
-0.151961 
0.197532 
0.500705 
0.371918 
-0.150208 
-0.184050 
-0.108635 
-0.025434 
-0.053982 
-0.290003 
0.598460 
1.414422 
2.196714 
-0.738371 
-1.487323 
-2.241747 
0.109456 
-0.327382 
-1.560977 
-3.145971 
-0.235848 
-1.485368 
-3.114132 
1.383521 
2.201004 
1.717455 
1.295705 
1.407051 
1.287152 
0.467396 
0.000938 
0.047652 
0.129059 
0.791016 
0.572365 
0.175073 
0.759119 
0.508340 
-0.063024 
-0.659981 
-0.122278 
-0.714209 
-0.736039 
0.038304 
-0.325644 
-0.399753 
0.179534 
0.508802 
0.402266 
0.376163 
-0.135937 
-0.676020 
-1.299398 
-0.038177 
-0.275007 
0.530944 
1.106863 
0.731007 
-0.651475 
-0.790170 
0.030606 
-0.111751 
-0.500149 
-1.905658 
-3.204309 
-0.511660 
-1.726196 
-2.816666 
1.014392 
2.039422 
1.385237 
1.321715 
1.921756 
1.192443 
0.714319 
1.187105 
-0.182857 
-0.183059 
-0.328237 
-1.325635 
-0.241945 
-0.757836 
-1.812625 
-0.006118 
0.101133 
0.028565 
0.696283 
1.528601 
0.067348 
1.037964 
1.378419 
0.293171 
0.648242 
0.689188 
0.580840 
0.090021 
-0.256699 
-0.803559 
-0.024514 
-0.512590 
0.411273 
1.078941 
1.281931 
-0.593864 
-1.541865 
-1.340516 
-0.244286 
-0.539908 
-1.794704 
-3.251759 
-0.637443 
-1.837543 
-3.236043 
0.749723 
1.576638 
1.124950 
1.879358 
2.845130 
0.842100 
0.823182 
1.700607 
0.066859 
0.019913 
0.131513 
-0.123951 
0.178036 
0.272085 
0.160954 
0.018361 
-0.304416 
-0.090136 
-0.225702 
-0.157382 
0.099848 
-0.155033 
0.109049 
-0.025266 
0.222517 
0.220444 
0.776623 
-0.322577 
-0.276715 
0.304254 
-0.033453 
0.081688 
0.596870 
1.176171 
1.122252 
-0.607547 
-1.536461 
-1.698801 
-0.000356 
-0.408549 
-1.704481 
-3.027584 
-0.374737 
-1.784135 
-2.712965 
1.170138 
2.067805 
1.209418 
0.556397 
1.123380 
1.477216 
1.140282 
1.268173 
-0.514358 
-0.352896 
0.031500 
-0.444126 
-0.667844 
-0.952758 
-2.040952 
-0.006091 
0.356573 
0.192806 
0.687426 
1.686451 
-0.118113 
0.509648 
1.632734 
0.151743 
0.419877 
0.270483 
0.194955 
-0.184317 
-0.485034 
-0.606353 
-0.056361 
-0.334738 
0.507764 
1.522069 
1.730896 
-0.696886 
-1.336630 
-1.097468 
-0.121614 
-0.513440 
-1.803179 
-2.885694 
-0.463033 
-1.719480 
-2.978830 
1.123255 
2.009119 
1.341803 
1.605548 
2.265245 
1.134260 
0.521364 
0.484673 
-0.289584 
-0.198434 
-0.411355 
-1.419389 
-0.312509 
-0.321257 
-1.024010 
0.001187 
0.066217 
0.141176 
0.473025 
1.228752 
-0.088641 
0.547978 
1.606845 
