     B 
0.048695 
0.379214 
0.217703 
0.223263 
-0.366691 
-0.161631 
0.049143 
-0.020104 
-0.035002 
0.786528 
0.784971 
0.993234 
-0.820333 
-0.991300 
-1.087690 
0.317267 
-0.112809 
-1.647376 
-3.374690 
-0.087684 
-1.829442 
-3.284238 
1.758599 
2.906910 
2.035719 
0.909926 
-0.422066 
1.967274 
0.775419 
0.087190 
-0.158749 
0.081785 
0.967457 
1.001548 
-0.048210 
-0.401746 
-1.285298 
-0.087840 
-0.112830 
-0.057456 
-0.381146 
-0.472021 
-0.209987 
0.017746 
1.146748 
0.006872 
0.343924 
0.244887 
0.462636 
-0.443152 
-0.350766 
-0.135653 
-0.024143 
-0.015695 
0.807681 
0.883481 
1.010400 
-0.851232 
-0.805539 
-1.133702 
0.345074 
-0.113554 
-1.869618 
-2.768114 
-0.064731 
-1.877675 
-3.672347 
1.893636 
3.064912 
2.182581 
0.920799 
-0.366212 
2.078483 
0.799638 
-0.552872 
-0.113145 
0.153216 
0.782343 
-0.937864 
0.001653 
0.519931 
0.133733 
-0.099846 
-0.024879 
0.043637 
-0.047277 
0.470708 
-0.357779 
-0.458268 
-0.066163 
0.017589 
0.381975 
0.286885 
0.334911 
-0.376807 
-0.434970 
-0.448602 
-0.005732 
0.000341 
0.789134 
0.929191 
0.629235 
-0.784001 
-0.617041 
-0.702109 
0.313722 
-0.091411 
-1.851059 
-3.317011 
-0.110967 
-1.645965 
-3.361202 
1.778964 
2.906475 
2.054715 
0.906966 
0.258366 
1.929445 
0.788701 
-0.559738 
-0.103808 
0.144829 
-0.219357 
-1.111397 
0.020759 
0.963543 
1.029306 
-0.088878 
-0.235283 
0.119558 
0.158644 
1.260658 
-0.388256 
-0.717571 
-0.832748 
0.043463 
0.454903 
0.221993 
0.149022 
-0.372511 
-0.335460 
-0.197416 
-0.002446 
-0.002395 
0.859114 
0.887640 
1.090806 
-0.872231 
-0.961170 
-0.963312 
0.300283 
-0.114321 
-1.876893 
-3.606052 
-0.158859 
-2.008968 
-2.823757 
1.841064 
3.019604 
2.113278 
0.922809 
-0.307104 
2.039221 
0.812161 
-0.152465 
-0.130717 
0.114974 
0.651780 
0.083265 
-0.009179 
0.350007 
-1.310812 
-0.086608 
-0.213266 
-0.028252 
-0.237720 
0.233525 
-0.161064 
-0.097076 
0.841143 
0.053686 
0.412630 
0.383789 
0.509501 
-0.330211 
-0.382585 
-0.361475 
-0.006091 
0.031719 
0.738818 
0.833441 
0.716582 
-0.729119 
-0.765715 
-1.104969 
0.344379 
-0.083891 
-1.753234 
-3.330829 
-0.105477 
-1.617057 
-3.446177 
1.797092 
2.978489 
2.069210 
0.824838 
-0.033492 
2.060950 
0.763112 
-0.467913 
-0.222836 
-0.021446 
-0.245137 
-1.111058 
-0.169373 
0.634537 
0.526022 
-0.092820 
-0.020245 
0.116373 
0.388652 
1.368383 
-0.341534 
-0.511253 
-0.298265 
0.044306 
0.389548 
0.338921 
0.332546 
-0.314881 
-0.289572 
-0.262065 
0.003582 
-0.328649 
0.728489 
0.889677 
0.914480 
-0.619774 
-0.643161 
-1.183447 
0.403101 
-0.002870 
-1.787657 
-3.311460 
-0.041845 
-1.605596 
-3.432232 
1.797460 
2.929312 
2.135035 
0.874284 
-0.354725 
2.129031 
0.787035 
-0.518872 
-0.194756 
0.058798 
0.109996 
-0.825972 
-0.064618 
0.743568 
0.676779 
-0.096586 
0.232444 
0.092476 
0.277862 
0.930501 
-0.493083 
-0.815677 
-0.631732 
0.027156 
0.346927 
0.365734 
0.520293 
-0.366684 
-0.432945 
-0.564368 
-0.006435 
-0.381070 
0.688442 
0.920125 
0.944889 
-0.575353 
-0.526155 
-0.960557 
0.406924 
-0.016895 
-1.719841 
-3.524638 
-0.017664 
-1.674955 
-3.251907 
1.784105 
2.893167 
2.098192 
0.848934 
-0.248061 
2.140893 
0.818287 
-0.536541 
-0.219295 
0.042578 
0.524190 
0.414138 
-0.113889 
0.394666 
-0.477360 
-0.097090 
0.115671 
0.171576 
0.412582 
1.143897 
-0.558421 
-0.892085 
-0.861157 
0.039178 
0.447533 
0.265779 
0.329390 
-0.412226 
-0.435386 
-0.155627 
-0.007722 
-0.030939 
0.776030 
0.849423 
0.858059 
-0.846866 
-0.752358 
-0.924269 
0.279007 
-0.146779 
-1.851406 
-3.399253 
-0.181620 
-1.812627 
-3.294429 
1.817254 
3.070060 
2.152734 
0.904965 
-0.082649 
2.098815 
0.889485 
-0.443557 
-0.220732 
0.022527 
0.328758 
-0.636062 
-0.154088 
0.663313 
-0.456076 
-0.079372 
-0.044486 
0.074157 
0.179019 
1.101690 
-0.123409 
-0.410701 
-0.244539 
0.052862 
0.364083 
0.349671 
0.451978 
-0.416849 
-0.262443 
-0.004986 
-0.049265 
-0.120286 
0.642314 
0.610491 
0.773346 
-0.786371 
-0.825328 
-0.779215 
0.096100 
-0.340277 
-1.608965 
-3.166941 
-0.256184 
-1.763357 
-3.083873 
1.453127 
2.556860 
1.789077 
1.032797 
0.185365 
1.711590 
0.876759 
0.517923 
-0.158919 
0.036184 
0.887224 
1.280995 
-0.123851 
-0.673688 
-1.604041 
-0.047660 
0.055949 
-0.070394 
-0.910446 
-1.721115 
0.145774 
0.885910 
2.018076 
0.033141 
0.416811 
0.481582 
0.616266 
-0.382427 
-0.487616 
-0.400610 
-0.013859 
-0.085594 
0.638115 
0.616176 
0.244506 
-0.754813 
-0.452878 
-0.468800 
0.094407 
-0.291828 
-1.691254 
-2.947080 
-0.337157 
-1.643827 
-3.299312 
1.490904 
2.627636 
1.808459 
0.924116 
0.736384 
1.778326 
0.880812 
-0.130587 
-0.191100 
0.025563 
-0.660908 
-1.712722 
-0.140578 
0.885168 
0.974260 
-0.039591 
0.030604 
0.282286 
1.034643 
2.168039 
-0.222019 
-0.869756 
-1.563888 
-0.023220 
0.348575 
0.329498 
0.461333 
-0.444772 
-0.336127 
-0.189841 
-0.016579 
-0.017710 
0.719735 
0.647573 
0.952181 
-0.728401 
-0.910669 
-0.791576 
0.058985 
-0.328238 
-1.532573 
-3.162763 
-0.360125 
-1.926380 
-2.794241 
1.461410 
2.604952 
1.725583 
0.826636 
-0.042032 
1.807691 
0.927360 
0.733734 
-0.070338 
0.153579 
1.156444 
1.033910 
-0.009398 
-0.493063 
-1.910270 
-0.039694 
-0.070787 
-0.164756 
-0.875729 
-1.686820 
0.183698 
0.829407 
1.963819 
0.035727 
0.353752 
0.228935 
-0.022092 
-0.412647 
-0.256413 
0.012070 
-0.053986 
-0.068144 
0.755996 
1.237839 
1.046108 
-0.859903 
-1.117178 
-0.880063 
0.065683 
-0.425483 
-1.998853 
-2.829211 
-0.334200 
-1.963631 
-3.688595 
1.552962 
2.655976 
1.830830 
0.803359 
-0.213686 
1.629324 
1.055535 
1.859990 
-0.044595 
0.088179 
0.381862 
-1.226219 
-0.045406 
0.447742 
-0.140842 
-0.058821 
-0.410327 
0.064321 
-0.454076 
0.038239 
-0.193593 
0.506322 
1.047212 
0.050376 
0.444837 
0.333013 
0.452844 
-0.331541 
-0.427460 
-0.165911 
-0.009386 
0.032481 
0.788551 
1.021431 
0.210471 
-0.758054 
-0.682653 
-0.958999 
0.134298 
-0.272144 
-2.115904 
-3.705119 
-0.330366 
-1.649928 
-2.894907 
1.614400 
2.808235 
1.920637 
0.699845 
1.332946 
1.850501 
0.793669 
-0.186165 
-0.165477 
0.086754 
0.060226 
-0.874946 
-0.037838 
1.247715 
-0.040110 
-0.045821 
-0.262077 
0.145746 
0.396742 
1.324142 
-0.390847 
-1.179888 
-0.264320 
0.024168 
0.352220 
0.112920 
0.247791 
-0.408939 
-0.245839 
-0.099436 
-0.037493 
-0.016229 
0.795873 
1.005817 
0.984349 
-0.853337 
-1.150959 
-0.710906 
0.110325 
-0.334625 
-1.682750 
-3.149636 
-0.292592 
-2.074950 
-3.476520 
1.590603 
2.729182 
1.839539 
1.013267 
0.068757 
1.801446 
0.590654 
1.267300 
-0.123688 
0.128665 
1.333867 
0.539297 
-0.017097 
-0.214810 
-1.273832 
-0.048638 
-0.284711 
-0.074004 
-0.935167 
0.052252 
-0.176956 
-0.004575 
1.099398 
0.047052 
0.434571 
0.188456 
0.295659 
-0.347358 
-0.432970 
0.019775 
-0.011979 
-0.006999 
0.825754 
1.056777 
0.529934 
-0.793759 
-0.849923 
-0.954988 
0.134657 
-0.282610 
-2.008930 
-3.808664 
-0.338331 
-2.094932 
-2.513076 
1.674970 
2.948899 
1.975763 
0.710767 
0.811823 
1.963018 
0.670641 
0.156006 
-0.228092 
0.054909 
0.795119 
0.092600 
-0.096108 
0.545687 
-1.305271 
-0.042345 
-0.155823 
0.001468 
-0.256456 
1.160892 
-0.277940 
-0.832650 
0.544009 
0.035338 
0.366824 
0.414842 
0.529565 
-0.425653 
-0.308250 
-0.090484 
-0.039866 
0.006131 
0.777835 
1.144856 
0.503839 
-0.816824 
-0.901036 
-1.197118 
0.145447 
-0.327211 
-2.160256 
-2.231869 
-0.279738 
-1.990196 
-3.846439 
1.683356 
2.968675 
2.021046 
0.791017 
0.440280 
1.960799 
0.596346 
0.228743 
-0.185722 
0.099646 
0.658182 
-1.332451 
-0.065167 
0.766014 
0.281687 
-0.051120 
-0.198406 
0.070554 
-0.333291 
0.958700 
-0.368270 
-0.851342 
0.550987 
0.005491 
0.311436 
0.018647 
0.037396 
-0.415435 
-0.221895 
0.138295 
-0.036430 
-0.014856 
0.770484 
0.911173 
0.779947 
-0.796010 
-0.967702 
-0.520540 
0.127836 
-0.322658 
-1.764108 
-3.635297 
-0.278815 
-2.013690 
-2.881123 
1.587311 
2.796145 
1.849763 
0.765395 
0.544901 
1.870680 
0.588330 
0.765331 
-0.164763 
0.088354 
1.052776 
1.319013 
-0.083149 
-0.341444 
-1.843503 
-0.049716 
-0.170753 
-0.117828 
-0.739443 
0.552564 
-0.181291 
-0.292381 
0.971565 
0.037141 
0.414834 
0.358402 
0.463538 
-0.317665 
-0.325144 
-0.324330 
-0.006361 
0.062954 
0.728712 
1.012234 
0.107649 
-0.675931 
-0.566793 
-0.969239 
0.141389 
-0.249688 
-1.915629 
-3.119714 
-0.306552 
-1.603262 
-3.390900 
1.527348 
2.712849 
1.842836 
0.633392 
1.225507 
1.799650 
0.744973 
-0.042198 
-0.084578 
0.141102 
-0.481109 
-1.696199 
0.044174 
1.204638 
1.578054 
-0.050174 
-0.269039 
0.095540 
0.303607 
1.036381 
-0.412294 
-1.199840 
-0.210262 
-0.000885 
0.359878 
0.295982 
0.626874 
-0.376415 
-0.558237 
-0.513393 
-0.018695 
0.024317 
0.789854 
1.030886 
0.403670 
-0.755504 
-0.525498 
-0.782834 
0.074519 
-0.328296 
-2.038881 
-3.007515 
-0.358590 
-1.849843 
-3.621715 
1.634589 
2.812911 
1.875511 
0.684294 
0.982621 
1.806323 
0.814929 
0.519143 
-0.101616 
0.159230 
0.058899 
-1.472619 
0.022726 
0.908379 
0.752038 
-0.042622 
-0.152362 
0.022301 
-0.205411 
1.079735 
-0.330242 
-1.055246 
0.356810 
0.053861 
0.411393 
0.415481 
0.763414 
-0.312184 
-0.555719 
-0.681744 
-0.016878 
-0.012986 
0.750149 
0.987845 
0.417780 
-0.711608 
-0.453172 
-1.055632 
0.115671 
-0.281875 
-1.959735 
-3.064155 
-0.317769 
-1.684327 
-3.494404 
1.607302 
2.778241 
1.895924 
0.718818 
1.222413 
1.793005 
0.779037 
-0.108148 
-0.189872 
0.064470 
-0.035538 
-1.424846 
-0.061231 
0.903596 
1.007801 
-0.042535 
-0.099005 
0.119985 
0.167764 
1.258889 
-0.395240 
-1.121630 
-0.152607 
0.048297 
0.386513 
0.234744 
0.313111 
-0.362364 
-0.356566 
-0.226349 
-0.020659 
-0.020198 
0.767390 
0.821429 
1.090574 
-0.777649 
-0.746968 
-1.151303 
0.318749 
-0.115887 
-1.676546 
-3.411997 
-0.091733 
-1.788600 
-3.479122 
1.861239 
3.062943 
2.136351 
0.916289 
-0.404545 
2.058086 
0.792474 
-0.177704 
-0.155642 
0.090205 
0.782967 
0.105793 
-0.036881 
0.338800 
-0.394208 
-0.092302 
-0.132699 
-0.116859 
-0.379013 
-0.072701 
-0.282179 
-0.344565 
0.689285 
-0.019046 
0.316313 
0.322169 
0.475256 
-0.404432 
-0.348096 
-0.396388 
0.000377 
0.082277 
0.800015 
0.790090 
0.982530 
-0.650583 
-0.800907 
-1.149573 
0.445783 
0.010271 
-1.719036 
-3.514084 
0.006474 
-1.694891 
-3.528973 
1.837335 
3.057520 
2.099864 
0.860990 
-0.404883 
2.157707 
0.790199 
-0.404276 
-0.040843 
0.158421 
0.271253 
-0.144652 
0.030179 
0.189586 
-0.195603 
-0.122102 
-0.190491 
-0.070212 
-0.029715 
0.464954 
-0.306932 
-0.293884 
0.280041 
0.090884 
0.433224 
0.276437 
0.381371 
-0.279870 
-0.430269 
-0.641282 
-0.001808 
-0.018152 
0.768736 
1.010711 
1.253011 
-0.670747 
-0.870045 
-1.302203 
0.408713 
-0.023547 
-1.592703 
-3.475248 
-0.054862 
-1.552420 
-3.440094 
1.781891 
2.978821 
2.082302 
0.874943 
-0.462774 
2.115468 
0.789118 
-0.429605 
-0.395384 
-0.179392 
0.574704 
0.445865 
-0.358189 
0.482239 
0.305946 
-0.090679 
0.025707 
0.100059 
-0.110106 
0.196325 
-0.260830 
-0.592178 
-0.144087 
0.079668 
0.408500 
0.434362 
0.704619 
-0.238584 
-0.340365 
-0.483979 
-0.020321 
-0.024659 
0.674977 
1.000725 
0.751719 
-0.624729 
-1.146278 
-1.175655 
0.065252 
-0.340318 
-1.898288 
-3.081897 
-0.361569 
-1.848713 
-2.901312 
1.255649 
2.355372 
1.553134 
0.784917 
1.274168 
1.541448 
0.608474 
0.993681 
-0.254126 
-0.159498 
-0.264585 
-1.429997 
-0.304533 
-0.530199 
-1.883172 
-0.033338 
-0.038891 
0.081933 
0.895125 
1.954819 
-0.126487 
0.547102 
1.545849 
0.023679 
0.379857 
0.265789 
0.480895 
-0.378885 
-0.557752 
-0.484874 
-0.000085 
0.048965 
0.842165 
0.962712 
1.233884 
-0.703121 
-0.865892 
-1.247336 
0.366834 
-0.062735 
-1.642913 
-3.307647 
-0.104319 
-1.583504 
-3.255466 
1.827721 
3.126931 
2.122340 
0.824783 
-0.605107 
2.188394 
0.734138 
-0.629449 
-0.245738 
0.036202 
0.944143 
-0.100799 
-0.134697 
0.862990 
-0.217816 
-0.086935 
-0.015827 
0.063199 
-0.163721 
0.008279 
-0.257723 
-0.471314 
-0.220242 
0.022227 
0.317806 
0.389445 
0.505656 
-0.343230 
-0.440463 
-0.366229 
-0.016257 
-0.177249 
0.661728 
0.790558 
0.846267 
-0.694403 
-0.605834 
-0.890021 
0.288009 
-0.121498 
-1.792887 
-3.539549 
-0.122054 
-1.792072 
-3.580413 
1.839347 
2.797900 
2.250222 
1.067304 
-0.182494 
2.199816 
0.995173 
-0.306803 
-0.165522 
0.071635 
0.370804 
0.163142 
-0.064412 
0.266541 
0.021852 
-0.086816 
0.325730 
-0.010039 
-0.148931 
0.267292 
-0.323817 
-0.501058 
-0.186400 
0.195384 
0.522282 
0.235418 
0.155933 
-0.232733 
-0.808615 
-0.786620 
-0.038331 
-0.187412 
0.700824 
1.137187 
1.501506 
-0.825852 
-0.684519 
-0.884452 
0.101955 
-0.351803 
-1.169830 
-3.158285 
-0.365312 
-1.138872 
-3.154685 
1.620953 
2.745980 
2.045959 
0.964036 
-0.387810 
1.997667 
0.852354 
-0.602305 
-0.665685 
-0.354697 
1.296881 
1.169689 
-0.572237 
1.028475 
0.912682 
-0.008411 
0.440332 
0.295265 
-0.407627 
-0.689135 
-0.166190 
-0.980667 
-1.298676 
0.127918 
0.429102 
0.363608 
0.500999 
-0.242724 
-0.470700 
-0.296843 
-0.026859 
-0.250409 
0.660335 
1.075273 
0.482396 
-0.746863 
-0.676472 
-0.928760 
0.188162 
-0.241806 
-1.794576 
-3.581663 
-0.253719 
-1.830329 
-3.630530 
1.688481 
2.623094 
2.100708 
1.051100 
0.467873 
2.039152 
0.869542 
0.304511 
-0.502898 
-0.257112 
0.533324 
0.180890 
-0.450530 
0.279818 
-0.116245 
-0.042986 
0.523126 
0.163725 
-0.345724 
0.645020 
-0.242706 
-0.778582 
0.410882 
0.081905 
0.453416 
0.565317 
0.954171 
-0.312631 
-0.617013 
-0.847210 
-0.016931 
0.038972 
0.591344 
0.909646 
0.696110 
-0.718532 
-0.782309 
-0.996257 
0.360488 
-0.119410 
-1.643677 
-3.529719 
-0.089923 
-1.591626 
-3.508827 
1.716964 
3.074897 
2.104968 
0.816361 
-0.013340 
1.988240 
0.720334 
-0.285730 
-0.165844 
-0.066684 
0.402984 
-0.055527 
-0.193475 
0.000465 
-0.498345 
-0.106616 
-0.313006 
0.097190 
0.109978 
1.025234 
-0.144197 
-0.369657 
0.277499 
0.445032 
0.901742 
0.545967 
0.811062 
-0.062743 
-0.934087 
-0.407048 
-0.028542 
-0.068685 
0.732961 
1.228241 
0.754962 
-1.018072 
-1.309573 
-1.591218 
0.460737 
-0.147993 
-0.508586 
-2.794483 
-0.140186 
-0.463352 
-2.778892 
1.545450 
3.248603 
1.881017 
0.227702 
-1.157292 
1.775764 
0.118267 
-1.266755 
-1.382033 
-1.129874 
0.948992 
-0.197202 
-1.476778 
0.466310 
-0.633315 
-0.025032 
0.284834 
0.574966 
0.741092 
1.563091 
-0.019810 
-0.274514 
0.559275 
0.086459 
0.476079 
0.303721 
0.397814 
-0.341722 
-0.572403 
-0.241841 
-0.029836 
-0.107580 
0.696010 
1.278910 
1.075044 
-0.833992 
-0.843180 
-1.343484 
0.180222 
-0.335898 
-2.150659 
-4.100411 
-0.320729 
-0.896313 
-2.182229 
1.681697 
3.049083 
2.048747 
0.747611 
-0.143580 
1.960433 
0.644438 
-0.182413 
-0.420862 
-0.234194 
0.038641 
-0.723466 
-0.462916 
1.286293 
-0.406884 
-0.052818 
0.202481 
0.244495 
0.018420 
1.053622 
-0.145687 
-0.696502 
0.299376 
0.132341 
0.512597 
0.612959 
0.619823 
-0.272038 
-0.118805 
0.146110 
-0.026366 
0.012477 
0.704202 
1.057609 
0.293372 
-0.740692 
-1.131118 
-1.802469 
0.171535 
-0.322860 
-1.341546 
-2.347427 
-0.329081 
-2.063890 
-4.001934 
1.576700 
2.937964 
1.889506 
0.586098 
0.274420 
1.938117 
0.595791 
0.436610 
-0.505341 
-0.328661 
1.228644 
-0.458665 
-0.548461 
-0.014217 
-0.736915 
-0.041520 
0.143052 
0.311146 
0.156892 
1.215723 
-0.224071 
-0.712063 
0.514458 
0.463026 
0.722642 
0.553969 
0.845129 
0.099180 
-0.035307 
0.401157 
-0.023240 
-0.539209 
0.645894 
0.729925 
-0.228777 
-0.892544 
-1.284412 
-1.457432 
0.627171 
0.113739 
-1.314129 
-3.060016 
0.142183 
-1.553575 
-3.333786 
1.492955 
2.075949 
1.828775 
0.654269 
0.027388 
1.675718 
0.530791 
0.092567 
-1.309883 
-1.080222 
-0.068898 
-0.640611 
-1.325364 
-0.503369 
-0.904319 
-0.056480 
1.038033 
0.479301 
0.904190 
1.873168 
-0.175890 
0.204874 
1.565471 
0.279197 
0.586998 
0.382360 
0.518918 
-0.073801 
0.114933 
0.307371 
-0.025434 
-0.133743 
0.705025 
0.745584 
-0.052728 
-0.704797 
-1.095897 
-1.553987 
0.317185 
-0.153682 
-1.202209 
-2.647065 
-0.148958 
-1.906677 
-3.629736 
1.416997 
2.412655 
1.645812 
0.590205 
0.568677 
1.767631 
0.509843 
0.459322 
-0.895155 
-0.737629 
0.680105 
-0.500420 
-0.979002 
-0.961254 
-1.644581 
-0.037746 
0.602146 
0.386596 
1.019820 
2.135310 
-0.181422 
-0.064607 
1.177837 
0.273180 
0.637967 
0.463537 
0.100669 
-0.116317 
-0.290133 
-0.118001 
-0.034088 
-0.298656 
0.655899 
0.604863 
-0.186086 
-0.796762 
-0.678297 
-0.217775 
0.260363 
-0.220019 
-1.846087 
-3.166437 
-0.197961 
-1.710095 
-3.506832 
1.625013 
2.876847 
1.992047 
1.098870 
0.725364 
1.661004 
0.480958 
-0.073036 
-0.538283 
-0.459162 
-0.186431 
-1.388951 
-0.591233 
-0.249352 
-0.758562 
-0.065486 
-0.135174 
0.234822 
1.082266 
1.721645 
-0.181341 
0.321206 
1.194036 
0.157248 
0.410725 
0.249054 
0.476189 
-0.232928 
-0.279044 
0.028256 
-0.030695 
-0.092999 
0.717185 
1.066780 
0.742516 
-0.786831 
-1.059341 
-1.366116 
0.363809 
-0.108427 
-1.634918 
-3.387737 
-0.070823 
-1.730731 
-3.520464 
1.722226 
2.978782 
2.065401 
0.864476 
-0.108270 
2.016409 
0.764545 
-0.214280 
-0.614257 
-0.356515 
0.466550 
-0.088356 
-0.570449 
0.089346 
-0.380428 
-0.066306 
0.191636 
0.207581 
0.145864 
1.029111 
-0.223730 
-0.369520 
0.539473 
0.266036 
0.639153 
0.555454 
0.587570 
-0.068497 
-0.184185 
-0.076181 
-0.001235 
0.025926 
0.745290 
0.846112 
0.224446 
-0.652862 
-1.143488 
-1.763539 
0.357632 
-0.072958 
-1.782368 
-3.591342 
-0.147866 
-1.516879 
-3.171095 
1.581053 
2.768052 
1.836552 
0.556971 
-0.031289 
1.953978 
0.594091 
0.665467 
-0.731964 
-0.556113 
-0.018674 
-0.624473 
-0.731204 
0.296099 
-0.609120 
-0.054047 
0.294205 
0.346113 
0.487416 
1.588155 
-0.261771 
-0.309310 
0.884689 
-0.033366 
0.268153 
0.147079 
0.204203 
-0.426660 
-0.432397 
-0.437786 
-0.014282 
0.429156 
0.756333 
1.075144 
0.838652 
-0.624739 
-0.907589 
-0.841902 
0.330532 
-0.127109 
-1.854537 
-3.542539 
-0.108281 
-1.775940 
-3.527708 
1.726405 
2.713901 
1.975341 
0.816430 
0.092662 
2.050319 
0.736164 
0.494360 
-0.234577 
-0.029753 
0.085454 
-0.714154 
-0.252386 
0.081683 
-0.604466 
-0.090643 
0.011768 
0.163311 
-0.123004 
0.957612 
-0.372207 
-0.116812 
1.238174 
0.354536 
0.673704 
0.460025 
0.374431 
0.003546 
-0.528553 
-0.171041 
-0.024250 
-0.138181 
0.644624 
0.962057 
0.447486 
-0.722255 
-1.089291 
-1.246838 
0.332065 
-0.128258 
-1.846703 
-3.470254 
-0.131925 
-1.253003 
-2.554233 
1.298645 
2.343724 
1.560003 
0.699592 
0.881563 
1.561467 
0.332425 
0.374892 
-0.991809 
-0.840165 
-0.734264 
-1.539654 
-1.061683 
0.143933 
-1.097541 
-0.028069 
0.516806 
0.439612 
1.208312 
2.463833 
-0.158411 
0.194388 
1.484712 
0.047070 
0.386586 
-0.042492 
0.029571 
-0.343021 
-0.163995 
0.079980 
-0.014590 
-0.038950 
0.838851 
1.024697 
1.257641 
-0.837828 
-0.907058 
-1.316463 
0.345052 
-0.119198 
-1.134548 
-2.719973 
-0.114589 
-2.004323 
-3.839257 
1.856764 
2.931846 
2.111662 
0.833099 
-0.490220 
2.074027 
0.765591 
-0.495933 
-0.385228 
-0.148786 
1.342550 
0.500865 
-0.364204 
-0.309665 
-0.550832 
-0.084958 
0.474477 
0.034231 
-0.228090 
0.281862 
-0.267872 
-0.492939 
0.198591 
0.025206 
0.384690 
0.290190 
0.422471 
-0.329183 
-0.481180 
-0.519791 
0.002674 
0.088059 
0.813863 
0.992386 
1.314779 
-0.776825 
-0.862412 
-1.364927 
0.418087 
-0.004389 
-1.716473 
-3.394344 
-0.028715 
-1.746295 
-3.462750 
1.867278 
2.924446 
2.104074 
0.867094 
-0.309413 
2.054730 
0.806192 
-0.379522 
-0.210226 
-0.003153 
0.349195 
-0.049989 
-0.155736 
0.260141 
-0.200521 
-0.108377 
0.279570 
-0.053693 
-0.153889 
0.453103 
-0.265929 
-0.388723 
0.248225 
0.013153 
0.346256 
0.167469 
0.101150 
-0.360941 
-0.412725 
0.048726 
-0.004355 
-0.013985 
0.813952 
1.004186 
1.321682 
-0.782557 
-0.878585 
-1.363427 
0.397434 
-0.031870 
-1.781386 
-3.570513 
-0.040407 
-1.797280 
-3.058746 
1.868093 
2.939383 
2.137248 
0.866020 
-0.420053 
2.114936 
0.804626 
-0.427486 
-0.207766 
0.042497 
0.438893 
0.402004 
-0.117013 
0.363480 
-0.791031 
-0.101222 
0.454958 
-0.071040 
-0.180708 
0.251097 
-0.292327 
-0.430367 
0.238546 
-0.003959 
0.362847 
0.211977 
0.222082 
-0.361481 
-0.388502 
-0.238341 
0.004719 
0.049315 
0.827673 
0.912553 
0.990485 
-0.767072 
-0.741412 
-1.080886 
0.391264 
-0.023296 
-1.792631 
-3.519111 
-0.058252 
-1.781607 
-3.352618 
1.891814 
3.064461 
2.133938 
0.894483 
-0.240105 
2.077729 
0.807857 
-0.493928 
-0.109831 
0.117131 
0.274732 
-0.234258 
-0.015801 
0.473217 
-0.348086 
-0.107971 
-0.107014 
-0.033605 
-0.049345 
0.737420 
-0.362538 
-0.406907 
0.172856 
0.059257 
0.366401 
0.644855 
1.319527 
-0.321072 
-0.950226 
-1.381312 
-0.025053 
0.022088 
0.768146 
1.140367 
0.878734 
-0.712129 
-1.012667 
-0.796916 
0.143965 
-0.299504 
-1.746411 
-3.338876 
-0.303486 
-1.801001 
-3.233498 
1.467159 
2.626668 
1.750048 
0.581850 
1.295489 
1.773798 
0.449148 
0.634649 
-0.451909 
-0.224352 
0.656904 
0.057292 
-0.459511 
-0.068514 
-1.232579 
-0.032189 
0.306980 
0.117881 
-0.102056 
0.984849 
-0.113066 
-0.363544 
0.923814 
0.077717 
0.377481 
0.646436 
1.467452 
-0.298568 
-0.900930 
-1.219726 
-0.035920 
-0.131275 
0.712228 
0.933683 
0.472768 
-0.689214 
-0.893802 
-0.518331 
0.036526 
-0.418931 
-1.960518 
-3.199563 
-0.407212 
-1.929525 
-2.780458 
1.283194 
2.250615 
1.583902 
0.489961 
1.637767 
1.594082 
0.357697 
1.462462 
-0.481570 
-0.296733 
0.390163 
-0.676250 
-0.539367 
-0.471238 
-2.063496 
-0.010023 
0.669170 
0.215281 
0.586903 
1.179335 
-0.083312 
0.438873 
1.142263 
0.077552 
0.404974 
0.480830 
0.773171 
-0.280435 
-0.532235 
-0.516487 
-0.030317 
-0.110803 
0.736123 
0.918589 
0.452985 
-0.758316 
-0.954604 
-0.661028 
0.042120 
-0.391547 
-1.992225 
-3.380696 
-0.395272 
-2.085489 
-3.262509 
1.384526 
2.497924 
1.685906 
0.557352 
1.710447 
1.591513 
0.384636 
1.653314 
-0.347935 
-0.165972 
0.435577 
-0.543386 
-0.349750 
-0.213783 
-1.516405 
-0.021704 
0.264341 
0.074158 
0.455201 
0.985000 
-0.118106 
0.314005 
0.748759 
0.067011 
0.371378 
0.626588 
1.446122 
-0.297847 
-0.811899 
-1.041485 
-0.029289 
0.010212 
0.710363 
1.047873 
0.620795 
-0.689153 
-0.755538 
-1.275131 
0.070045 
-0.356887 
-1.590200 
-3.105785 
-0.359210 
-1.885939 
-2.878023 
1.376167 
2.463259 
1.635521 
0.751569 
1.667493 
1.638841 
0.588515 
-0.015365 
-0.434846 
-0.210099 
0.890878 
0.695401 
-0.429919 
-0.349701 
-1.770650 
-0.017469 
0.320750 
0.269142 
0.868795 
1.731473 
-0.251985 
-1.055894 
-0.255875 
0.030306 
0.316765 
0.298540 
0.781978 
-0.344913 
-0.745419 
-0.449005 
-0.036770 
-0.002943 
0.770290 
0.992433 
0.852327 
-0.798799 
-0.967817 
-0.696973 
0.063930 
-0.379226 
-1.743086 
-3.381788 
-0.350781 
-2.045776 
-3.128462 
1.436603 
2.570947 
1.664045 
0.519831 
1.401842 
1.641619 
0.436244 
1.294058 
-0.432403 
-0.199387 
0.774877 
0.544099 
-0.449555 
-0.571152 
-1.854293 
-0.021194 
0.184041 
0.075936 
0.270883 
1.243795 
-0.155871 
-0.245689 
0.835914 
0.130424 
0.500424 
0.841635 
1.321292 
-0.193025 
-0.624622 
-0.754567 
-0.019737 
-0.179165 
0.738721 
0.707971 
0.115743 
-0.747530 
-0.892039 
-0.945525 
-0.002936 
-0.400618 
-2.020936 
-3.033955 
-0.463033 
-1.829641 
-3.408016 
1.386702 
2.531593 
1.691492 
0.612355 
1.639758 
1.564649 
0.338458 
1.394129 
-0.398126 
-0.198747 
-0.260912 
-1.594083 
-0.348516 
0.585245 
-0.132902 
-0.006065 
0.242251 
0.257830 
0.688935 
1.289642 
-0.309593 
-0.366201 
0.551241 
0.096192 
0.403679 
-0.040826 
0.312236 
-0.215262 
0.005411 
0.707886 
-0.029398 
-0.057601 
0.698991 
1.050967 
0.793037 
-0.716203 
-1.421117 
-1.587993 
0.031188 
-0.386158 
-1.601518 
-3.182155 
-0.384585 
-1.889367 
-2.576215 
1.205135 
2.145913 
1.445864 
0.363622 
0.814643 
1.414886 
1.047853 
1.550894 
-0.554404 
-0.407533 
0.518670 
0.278737 
-0.651433 
-1.111813 
-2.410863 
-0.006414 
0.423624 
-0.020057 
-0.134339 
0.820971 
0.090356 
1.029579 
2.134918 
0.212617 
0.581186 
1.135394 
1.972438 
-0.094204 
-0.617966 
-0.843867 
-0.018745 
-0.223896 
0.733106 
0.781543 
0.057556 
-0.767169 
-1.340251 
-1.567742 
0.028315 
-0.357398 
-1.824968 
-2.892151 
-0.425993 
-1.852252 
-3.303520 
1.301947 
2.377412 
1.629417 
0.489418 
1.416901 
1.462062 
0.635772 
1.315038 
-0.539776 
-0.365895 
0.004388 
-0.988255 
-0.506374 
0.106612 
-0.778988 
-0.000848 
0.346842 
0.164300 
0.389692 
0.964834 
-0.154964 
0.178400 
1.180030 
0.016295 
0.310518 
0.128139 
0.908137 
-0.324112 
-0.205741 
0.483895 
-0.029192 
0.004444 
0.767846 
0.762620 
0.085283 
-0.699866 
-1.233323 
-0.974945 
0.067013 
-0.383464 
-1.721184 
-3.277891 
-0.369901 
-1.983061 
-2.684260 
1.323497 
2.283655 
1.521036 
0.409194 
1.298445 
1.648604 
0.690517 
1.177799 
-0.550974 
-0.370995 
0.592833 
0.642955 
-0.678622 
-1.131136 
-2.636075 
-0.016523 
0.545110 
0.098403 
0.382343 
1.098269 
-0.020953 
0.484568 
1.560797 
0.082710 
0.387995 
0.615887 
1.307780 
-0.285644 
-0.769892 
-0.398235 
-0.034793 
-0.051681 
0.779580 
0.792200 
0.339093 
-0.753685 
-0.926343 
-1.084973 
0.005654 
-0.422233 
-1.805619 
-3.335851 
-0.428629 
-1.968002 
-3.312759 
1.382341 
2.565192 
1.629151 
0.484024 
1.633319 
1.669337 
0.453743 
1.450331 
-0.499857 
-0.258219 
0.515474 
-0.093284 
-0.492180 
-0.056848 
-1.178438 
-0.001989 
0.299529 
0.239673 
0.581065 
1.214828 
-0.259353 
-0.506846 
0.496445 
0.054137 
0.421824 
0.301841 
-0.205761 
-0.373597 
-0.178460 
0.177902 
-0.025883 
-0.207819 
0.794080 
1.092252 
1.189385 
-0.839144 
-1.019188 
-1.181569 
0.352910 
-0.140615 
-1.770780 
-3.279002 
-0.084527 
-1.522208 
-3.457728 
1.890269 
3.044908 
2.128454 
0.876949 
-0.179099 
1.939058 
0.598763 
-0.397351 
0.111017 
0.207507 
0.236465 
-0.930809 
0.159335 
0.894092 
0.792144 
-0.128527 
-0.183443 
0.009983 
-0.326886 
-0.106067 
-0.191786 
-0.428406 
-0.114621 
0.201014 
0.506439 
0.371988 
-0.150904 
-0.185778 
-0.117096 
-0.044202 
-0.055623 
-0.293953 
0.605060 
1.438091 
2.245928 
-0.750759 
-1.510885 
-2.259323 
0.111577 
-0.332131 
-1.573514 
-3.178574 
-0.235691 
-1.501744 
-3.155049 
1.403928 
2.220599 
1.740664 
1.291121 
1.416014 
1.305629 
0.476024 
0.011147 
0.053008 
0.135919 
0.829297 
0.604691 
0.185120 
0.774868 
0.528057 
-0.064357 
-0.675335 
-0.139900 
-0.791004 
-0.828463 
0.052720 
-0.307055 
-0.357566 
0.029132 
0.406399 
0.647791 
0.874079 
-0.217923 
0.009768 
0.287441 
-0.005952 
0.009457 
0.605137 
0.935495 
0.729378 
-0.595293 
-1.438532 
-2.276378 
-0.140947 
-0.462863 
-1.576234 
-2.905868 
-0.560332 
-1.672623 
-3.230785 
1.053278 
1.895491 
1.174433 
1.743419 
2.247299 
1.141011 
0.733333 
0.561388 
0.057662 
0.085334 
-0.470639 
-1.222978 
0.032831 
0.639781 
0.718757 
-0.012439 
-0.526530 
0.270443 
1.089412 
1.552657 
-0.246203 
-0.848211 
-1.119877 
-0.032166 
0.252024 
0.380984 
0.608764 
-0.448864 
-0.407447 
-0.273086 
-0.018254 
-0.161842 
0.724382 
0.959937 
1.371595 
-0.655209 
-0.868451 
-1.432367 
0.375794 
-0.068039 
-1.503157 
-3.293224 
-0.023744 
-1.703105 
-3.386720 
1.773136 
2.969146 
2.010408 
0.722616 
-0.432873 
2.115740 
0.760908 
-0.316884 
-0.128787 
0.124278 
1.012693 
1.141956 
-0.051763 
0.000880 
-0.771117 
-0.100906 
-0.011461 
0.049662 
-0.103622 
-0.110357 
-0.370207 
-0.528768 
-0.152482 
0.221457 
0.559107 
0.411069 
0.192293 
-0.057101 
-0.616557 
-1.315261 
-0.040392 
-0.363627 
0.450817 
1.145555 
0.964702 
-0.628025 
-0.950886 
0.026851 
-0.259495 
-0.606991 
-1.887332 
-3.220957 
-0.645822 
-1.729542 
-2.991184 
0.811250 
1.825427 
1.174524 
1.752060 
2.372971 
0.953951 
1.005565 
1.445577 
-0.075614 
-0.143315 
-0.484018 
-1.299695 
-0.129283 
-0.708012 
-1.409937 
0.016100 
-0.052753 
-0.010827 
0.538048 
1.307512 
0.134120 
1.118105 
1.199569 
0.312208 
0.669407 
0.708361 
0.584641 
0.107673 
-0.266096 
-0.830182 
-0.026235 
-0.542219 
0.407516 
1.086891 
1.301169 
-0.602560 
-1.570083 
-1.340491 
-0.240611 
-0.542757 
-1.822384 
-3.303913 
-0.637734 
-1.862913 
-3.277122 
0.762779 
1.588015 
1.147929 
1.881187 
2.866248 
0.854207 
0.840627 
1.746443 
0.080288 
0.027759 
0.160459 
-0.086148 
0.204717 
0.291707 
0.199387 
0.016680 
-0.317998 
-0.121598 
-0.315685 
-0.276254 
0.114287 
-0.117036 
0.139435 
0.285183 
0.646708 
0.688653 
0.596047 
0.075716 
-0.270564 
-0.832875 
-0.023799 
-0.503862 
0.426534 
1.116618 
1.318369 
-0.603849 
-1.552691 
-1.366189 
-0.245334 
-0.544854 
-1.825568 
-3.299051 
-0.645297 
-1.866042 
-3.285926 
0.768816 
1.628544 
1.151786 
1.898521 
2.875200 
0.868400 
0.813065 
1.707740 
0.043073 
0.006898 
0.132843 
-0.131775 
0.148629 
0.260387 
0.113499 
0.019876 
-0.278810 
-0.064548 
-0.169075 
-0.072741 
0.086832 
-0.220541 
0.125451 
-0.147603 
0.057003 
0.521703 
1.350402 
-0.434354 
-0.624418 
0.118289 
-0.033817 
0.238853 
0.482160 
1.167809 
1.281230 
-0.512360 
-1.618218 
-1.846680 
-0.026162 
-0.433024 
-1.717752 
-2.871522 
-0.383236 
-1.714818 
-2.929577 
1.185123 
2.041707 
1.018898 
0.621213 
1.072013 
1.587601 
1.397536 
1.152000 
-0.539156 
-0.328338 
-0.414737 
-0.899227 
-0.736662 
-0.696165 
-1.215402 
-0.000851 
0.387024 
0.371274 
1.157904 
2.128205 
-0.265410 
-0.007093 
1.058636 
0.054375 
0.325858 
0.340938 
0.611962 
-0.264351 
-0.426216 
-0.323437 
-0.040813 
-0.084286 
0.549041 
1.436185 
1.584393 
-0.655097 
-1.532980 
-1.575571 
-0.061112 
-0.451147 
-1.759515 
-2.799057 
-0.424017 
-1.750098 
-3.164322 
1.187899 
2.135249 
1.285331 
1.184101 
1.751950 
1.351514 
0.824049 
0.689175 
-0.376258 
-0.247432 
-0.580447 
-1.654466 
-0.458693 
-0.276458 
-0.792259 
-0.005141 
0.109441 
0.237009 
0.857704 
1.733716 
-0.190752 
0.284893 
1.359144 
0.026499 
0.264698 
0.213657 
0.338435 
-0.317113 
-0.502583 
-0.204107 
-0.058059 
-0.130954 
0.535288 
1.523985 
1.792723 
-0.685741 
-1.465513 
-1.331214 
-0.132513 
-0.540944 
-1.879824 
-3.084127 
-0.463665 
-1.752302 
-2.780988 
1.136521 
2.050435 
1.247949 
1.315155 
1.957789 
1.268587 
0.828862 
0.829063 
-0.291837 
-0.165826 
-0.103792 
-0.942105 
-0.375587 
-0.647574 
-1.720764 
0.001105 
0.083203 
0.180257 
0.606030 
1.382827 
-0.130342 
0.525705 
1.598700 
0.248992 
0.544176 
0.309713 
0.065137 
-0.086325 
-0.469244 
-0.835411 
-0.057090 
-0.499942 
0.499132 
1.498046 
1.645500 
-0.716994 
-1.237378 
-0.908313 
-0.122112 
-0.514503 
-1.791846 
-2.883122 
-0.481386 
-1.745738 
-3.077276 
1.124707 
1.980881 
1.436029 
1.844613 
2.542767 
1.042424 
0.321822 
0.322739 
-0.297345 
-0.231816 
-0.495826 
-1.507560 
-0.277637 
-0.223053 
-0.793206 
0.002937 
0.090080 
0.093499 
0.295344 
1.046335 
-0.028868 
0.645468 
1.681649 
