319
346
339
345
289
286
285
322
327
360
393
432
273
245
200
346
350
433
533
351
429
536
205
159
227
291
361
222
277
346
325
356
353
353
293
300
295
332
335
377
432
433
288
230
219
356
355
427
534
344
425
530
214
161
220
250
324
219
239
314
321
348
346
356
286
286
283
323
324
361
419
431
276
218
224
351
351
429
529
344
424
528
207
157
215
230
161
208
219
148
327
352
356
359
290
297
290
329
335
372
404
438
288
255
215
348
351
429
535
348
427
532
224
209
230
286
359
226
277
353
313
340
337
360
282
286
265
315
318
355
389
416
272
244
212
368
366
442
543
368
451
538
263
206
265
321
395
264
315
389
328
354
345
342
302
314
319
328
331
368
378
376
291
277
290
354
356
435
551
355
427
519
226
167
230
289
359
227
265
249
323
352
354
364
288
292
283
325
328
361
425
407
287
228
263
363
361
437
543
359
428
540
224
160
222
221
155
215
206
157
316
341
343
341
291
296
288
323
320
359
431
359
286
219
293
352
358
439
537
359
430
531
218
163
221
238
243
215
231
243
329
357
360
366
299
300
291
333
331
366
410
357
305
264
317
349
349
430
534
349
425
535
216
164
206
168
169
209
157
166
339
365
358
354
309
308
290
353
377
384
422
470
312
279
272
348
352
436
540
350
428
521
220
169
208
179
140
225
271
337
331
358
361
358
298
300
293
332
332
368
394
333
295
272
341
350
351
440
534
349
432
532
222
170
226
295
302
221
253
238
324
352
357
360
297
301
299
300
263
321
316
244
271
278
212
343
347
436
534
348
428
529
227
190
198
131
115
254
311
313
336
353
348
345
309
303
294
346
359
327
338
359
328
356
383
348
348
431
527
352
433
527
217
164
212
204
170
216
206
148
303
303
314
330
296
275
253
298
321
273
249
259
300
364
431
353
353
431
520
361
440
532
226
167
221
287
347
222
250
240
326
354
354
357
299
297
291
328
331
370
429
392
284
231
263
347
349
435
532
351
433
531
224
166
215
233
186
208
223
183
321
337
350
365
292
294
280
324
324
360
361
363
282
282
281
297
305
430
531
310
433
521
344
377
362
427
476
365
421
477
311
335
340
337
285
288
285
317
322
358
386
322
276
251
309
344
343
430
526
344
425
522
218
168
223
280
264
221
271
267
298
317
308
309
280
294
299
301
303
335
338
338
259
269
272
332
318
327
394
338
434
534
240
192
243
281
316
243
285
317
317
339
343
340
290
289
288
321
322
359
395
363
280
231
266
342
344
431
523
346
427
525
216
166
224
269
312
222
261
309
313
334
386
357
289
236
268
316
318
350
347
345
280
283
284
444
440
465
525
439
463
519
420
429
422
487
544
421
481
554
298
321
346
342
265
271
275
295
296
331
361
400
257
222
182
287
287
363
443
292
367
445
173
127
181
224
260
180
223
255
303
335
331
331
273
274
268
308
310
343
384
384
267
229
224
291
292
366
447
296
366
445
176
125
175
216
265
177
210
261
306
335
330
332
274
275
269
310
310
348
400
427
269
219
201
293
294
368
456
298
368
453
173
126
173
190
143
172
184
131
304
335
330
334
271
275
273
308
310
345
362
381
268
247
223
291
291
367
447
294
366
445
174
171
180
236
283
182
233
283
304
334
322
338
274
285
265
310
310
344
378
390
272
236
215
300
293
368
440
289
370
440
200
163
208
253
305
210
247
296
301
330
328
328
277
278
287
316
314
351
363
364
281
253
260
299
293
372
464
296
364
430
180
135
184
224
267
189
222
198
305
336
329
329
272
270
268
307
306
342
393
412
274
225
210
297
292
368
447
297
370
449
176
121
175
190
141
173
190
135
304
331
328
329
273
278
271
310
310
344
399
349
268
225
275
294
292
363
445
296
365
445
174
125
174
188
185
171
183
181
306
340
337
337
274
276
269
311
310
340
388
342
275
233
280
293
292
364
444
294
366
444
170
126
164
144
133
161
136
134
306
338
333
331
275
274
268
302
297
327
346
357
267
259
259
295
294
368
451
294
369
449
177
122
162
131
84
182
217
261
307
335
327
324
276
275
268
314
311
348
361
320
278
255
308
291
292
365
449
290
364
450
175
127
183
236
267
175
198
182
303
333
329
332
266
274
268
287
250
304
315
276
251
225
168
293
291
369
452
294
368
451
183
148
157
99
59
197
241
235
305
331
326
332
280
273
259
304
302
310
315
331
283
270
280
299
292
365
455
299
372
453
173
125
174
186
154
173
196
138
310
310
341
345
297
276
260
319
339
301
268
264
326
388
449
300
288
366
452
298
375
458
175
133
180
219
271
186
215
210
311
338
336
332
283
282
277
315
316
347
377
388
277
239
241
294
297
366
450
296
369
452
171
123
169
201
166
170
196
157
307
336
333
341
273
276
270
309
309
347
345
348
272
268
265
269
270
365
449
278
370
447
318
318
330
378
424
335
373
422
312
343
333
328
283
287
283
317
316
350
379
325
279
262
315
293
296
368
453
296
366
453
172
123
177
207
205
276
206
205
292
317
332
331
270
283
293
303
301
333
342
356
264
273
281
289
281
293
378
281
352
435
200
162
200
249
291
199
246
284
311
339
333
331
279
282
279
313
311
349
387
359
274
239
262
294
296
365
453
296
365
450
170
124
177
223
265
176
219
263
303
327
381
337
279
232
264
307
307
343
333
333
270
284
290
403
397
402
448
397
404
440
321
300
323
381
442
323
383
441