0.202298
0.162513
-0.633245
0.0311561
0.16755
-0.362767
0.146434
0.0368011
-0.238757
0.0791681
0.291366
-0.0635569
0.0320361
0.41235
-0.263348

0.467974
0.00520014
-1.62636
-3.36659
-0.0114499
-1.97356
-3.56887
1.8897
2.88802
2.16977
0.897973
-0.122558
2.02982
0.69897
-0.378049

0.0728881
0.403786
0.271004
0.273876
-0.279288
-0.500977
-0.964081
-0.0222579
-0.0426719
0.67802
0.921826
1.43276
-0.761998
-0.651566
-0.83132

0.496043
0.349633
-1.57789
-2.55225
0.364009
-1.74018
-2.52886
0.233172
0.542763
0.258087
1.21105
1.58094
0.250775
1.26852
1.84419

-0.131786
-0.583676
-0.44626
-2.13009
-0.628726
-0.596131
-2.19974
1.35007
2.3985
1.6123
0.56721
-0.581547
1.52966
0.50393
-0.66372

-0.00205387
0.359323
0.350914
0.51647
-0.355486
-0.291908
-0.262944
-0.0798249
-0.0894509
0.677555
0.905067
1.45232
-0.853771
-0.907097
-1.41912

0.222584
0.185322
-0.60944
0.105868
0.183889
-0.332621
0.197595
0.0596119
-0.140739
0.0604149
0.269973
-0.245028
0.0982819
0.200667
-0.256378

0.45473
-0.0175289
-1.65182
-3.29383
0.00959108
-1.86624
-3.44347
1.84313
2.84156
2.13013
0.879103
-0.202738
1.96636
0.692437
-0.341419

0.235944
0.530648
0.487714
0.122211
-0.138774
-0.313829
-0.565869
0.104797
0.0784489
0.787061
1.05105
1.22035
-0.621786
-1.11007
-1.8679

0.169676
0.137709
-0.725221
0.404884
0.142446
-0.406107
0.283292
0.00838307
-0.13247
0.0395771
0.363248
0.00289107
0.0218211
0.16128
-0.47141

0.471172
-0.00113195
-1.68767
-3.25895
-0.0184289
-1.97448
-3.58643
1.92264
2.98672
2.19821
0.898185
-0.306249
2.07528
0.699285
-0.41816

0.00296106
0.341064
0.4508
0.478984
-0.356432
-0.0752859
0.113382
-0.0939009
-0.170157
0.625762
0.755647
0.904097
-0.847231
-0.943464
-1.18623

0.641584
0.438776
-0.157521
0.79328
0.457383
-1.64641
-2.29345
0.333739
-0.0453319
0.220699
-0.0382169
-1.21142
0.420052
1.30997
0.77687

-0.024443
-0.44377
-2.267
-3.92715
-0.500426
0.010873
-1.26858
1.41746
2.42986
1.63441
0.481168
0.745428
1.63681
0.530296
-0.454933

0.0495849
0.409334
0.740498
0.998801
-0.293507
-0.585253
-0.612658
-0.0183321
-0.0612151
0.72345
1.32194
0.824641
-0.759873
-1.06836
-1.66905

0.182236
0.174977
-0.0994001
0.54056
0.17897
-0.0366021
0.770871
0.0547059
-0.211968
-0.17699
-1.0116
-1.83832
0.330758
1.16994
-0.0281351

0.226828
-0.20214
-1.87361
-3.46431
-0.223311
-2.0705
-3.44982
1.55193
2.4746
1.78661
0.816658
1.25988
1.7089
0.722034
0.736243

0.0867379
0.398965
0.525231
0.670545
-0.236836
-0.401882
-0.590405
0.00338494
-0.0116351
0.629705
0.830997
0.0789029
-0.627351
-0.479504
-0.876855

0.319846
0.272342
-0.551251
-0.575793
0.274993
-0.002076
0.544439
0.148695
-0.089959
0.205869
0.472234
0.033277
0.127847
-0.091228
-1.08923

0.471197
0.00853992
-1.60836
-3.43897
0.0109689
-1.93997
-3.54816
1.86734
2.86623
2.14287
0.888293
-0.247738
2.00469
0.696607
-0.173528

0.0756031
0.388358
0.349557
0.327466
-0.284206
-0.176218
-0.115489
-0.0346049
-0.0822239
0.653249
0.820502
0.951836
-0.762169
-0.990303
-1.12136

1.19351
1.0454
-0.784964
-1.15627
1.0607
-1.03426
-1.1659
0.927976
1.2695
0.921389
-0.47918
-1.46745
1.00938
-0.195817
-1.144

-0.854848
-1.31103
-0.746808
-2.69216
-1.36178
-0.840839
-2.66235
0.64265
1.69137
0.897762
1.24388
2.08178
0.829853
1.08811
1.9944

-0.00128886
0.368663
0.689555
0.736623
-0.35604
-0.497706
-0.345082
-0.0753439
-0.111451
0.681697
1.27139
1.04125
-0.848551
-1.47731
-1.0764

-0.0393709
-0.0670999
-0.159765
0.623834
-0.0595219
-0.20898
0.511559
-0.192797
-0.370115
-0.23252
0.0194471
-0.340359
-0.103846
0.348407
0.271126

0.509492
0.058138
-1.78685
-3.46603
0.019703
-1.97563
-3.52382
1.93164
2.95968
2.18284
0.904369
-0.262045
2.09997
0.830498
-0.481954

0.00655187
0.351699
0.348477
0.362506
-0.329713
-0.271653
-0.351052
-0.0691871
-0.102915
0.638934
0.785135
0.865463
-0.795108
-0.619841
-0.819295

0.246786
0.245018
0.287832
1.04374
0.249636
0.34332
1.06637
0.145181
-0.094164
0.173622
-0.686782
-1.29412
0.179204
-0.677382
-1.22827

-0.201527
-0.552614
-1.9776
-3.18872
-0.580741
-2.13168
-3.23901
0.900741
1.65956
1.10387
1.54414
2.13628
1.0192
1.41144
2.09666

0.0152149
0.281739
0.376774
0.53989
-0.246398
-0.20214
-0.270794
-0.0448321
-0.0684331
0.501666
1.04236
0.683393
-0.612793
-1.17585
-0.8198

0.25084
0.255324
-0.002355
-0.821063
0.2606
-0.094101
-0.894236
0.160826
0.280494
0.068059
0.216115
0.003693
0.129057
0.293524
-0.106777

-0.408284
-0.73607
-2.06046
-3.06537
-0.771125
-2.19915
-3.10799
0.633109
1.3791
0.796698
1.72451
2.71034
0.750433
1.68626
2.66801

0.00796607
0.265909
0.358589
0.475169
-0.23368
-0.19201
-0.272483
-0.0412679
-0.0456239
0.478468
1.01569
0.960558
-0.578476
-1.12237
-1.07644

0.028351
-0.00131901
0.429051
1.58891
0.00330699
-0.7378
-0.713079
-0.126674
-0.337005
-0.208941
-0.119004
-0.638441
-0.00767401
0.505013
0.335309

0.462376
0.00506214
-1.76884
-3.1713
-0.0124169
-1.84676
-3.52082
1.86798
2.87805
2.1333
0.853588
-0.255532
2.01886
0.774983
-0.418537

0.0727791
0.400827
0.241432
0.0968741
-0.274899
-0.165979
-0.25203
-0.0203959
-0.0588709
0.673155
0.888055
0.951114
-0.739654
-0.729448
-1.08296

1.12789
0.929901
-1.20926
-2.58593
0.944731
-1.44852
-2.60387
0.79186
1.13996
0.968367
0.753143
-0.286053
0.754022
0.878818
-0.155059

-0.378072
-0.936849
0.185094
-1.69797
-0.965335
0.0897071
-1.68718
1.3887
2.57922
1.63315
0.181455
-0.711332
1.66065
-0.0719099
-1.26932

0.00671294
0.431597
0.449045
0.542949
-0.442622
-0.408453
-0.474975
-0.108452
-0.162338
0.720142
1.4296
1.77225
-0.97808
-1.22112
-1.55626

0.035004
-0.010758
-0.515293
0.04155
-0.00294902
-0.561607
0.05634
-0.132324
-0.156099
-0.118323
0.468021
0.36293
-0.105125
0.480666
0.157967

0.474666
0.0292111
-1.73231
-3.47069
-0.00459791
-1.89691
-3.46804
1.87129
2.91486
2.12158
0.978835
-0.294745
2.03408
0.838271
-0.395509

-0.0277981
0.308759
0.455834
0.66234
-0.361691
-0.21386
-0.13976
-0.105977
-0.127845
0.592337
0.829791
1.0478
-0.826801
-0.934259
-1.15887

-0.0482701
-0.0225761
0.179218
0.930429
-0.0167721
0.171738
0.837132
-0.13763
0.109136
-0.10903
0.0879349
-0.138273
-0.0981451
-0.907257
-0.837633

0.133029
-0.255135
-1.83634
-3.2338
-0.300628
-2.03964
-3.36324
1.37868
2.24748
1.57158
0.477669
-0.585165
1.54744
1.84636
2.4117

-0.025082
0.284426
0.404051
0.622337
-0.309149
-0.243334
-0.337458
-0.080237
0.001558
0.546652
0.800133
1.15272
-0.71435
-1.54414
-0.558129

0.184194
0.156418
0.04375
0.676923
0.156506
-0.142922
0.332005
0.040124
-0.175002
0.176437
-0.018495
-0.885858
-0.059688
0.222651
-0.707043

0.229295
-0.202095
-1.88087
-3.45592
-0.189335
-1.99519
-3.44973
1.51351
2.43522
1.78069
1.19633
2.27857
1.62478
0.339075
-0.224349

0.0439751
0.324537
0.249688
0.115913
-0.294149
-0.403943
-0.629198
-0.0666529
-0.0425669
0.55842
1.27716
1.26527
-0.741593
-0.913922
-0.742941

0.256616
0.212554
-0.681004
-0.96494
0.212275
0.126966
0.64132
0.089664
-0.134858
0.10204
0.342634
-0.173455
0.109891
0.279035
-0.418738

0.456097
-0.00808993
-1.53657
-3.33507
0.0134421
-1.9435
-3.54818
1.82607
2.80827
2.10159
0.87444
-0.167579
1.95638
0.714694
-0.211998

0.152107
0.446624
0.388679
0.171598
-0.2143
-0.158007
-0.12314
0.027248
-0.032079
0.702045
0.916817
1.12428
-0.687051
-1.07682
-1.63799

0.0970901
0.0558341
0.0676371
1.25072
0.0633491
-1.18097
-1.01277
-0.0681439
-0.258399
-0.131217
0.195621
-0.146861
0.0296321
0.598565
0.439911

0.432867
-0.0194529
-1.84875
-3.27573
-0.0527539
-1.64318
-3.34967
1.84962
2.87551
2.10412
0.847871
-0.344672
2.01508
0.805268
-0.396126

0.048435
0.389194
0.283676
0.222421
-0.29083
-0.09593
-0.211658
-0.031678
-0.055181
0.674421
0.900231
1.09027
-0.75731
-0.841633
-1.32442

0.184739
0.128619
-0.0974371
1.45559
0.1325
-1.11015
-1.00657
0.00256793
-0.130134
-0.0872181
0.39252
-0.749535
0.130208
0.973943
-0.219643

0.25703
-0.215712
-2.07818
-3.11509
-0.218666
-1.83966
-3.54385
1.6941
2.74329
1.95767
0.727576
0.794807
1.85703
0.764742
0.214902

0.110065
0.435318
0.405339
0.527745
-0.25641
-0.259163
-0.55255
0.00135592
-0.0333471
0.71382
1.03724
0.371046
-0.731143
-0.834153
-0.935163

0.212045
0.130234
-1.25821
-1.21169
0.141119
-1.27295
-1.29571
0.0196249
0.134025
0.0436009
0.939691
1.21528
0.0272649
0.960765
1.2149

0.179923
-0.235407
-1.26368
-2.94436
-0.278444
-1.55987
-3.17629
1.51108
2.49216
1.7392
1.03122
0.202902
1.67832
0.826394
-0.203142

-0.082905
0.244411
0.393834
0.610502
-0.39537
-0.213506
-0.08877
-0.148891
-0.154751
0.52059
1.04926
1.8587
-0.834634
-1.06746
-1.691

-0.0264999
-0.0491859
-0.767509
-0.407167
-0.0400619
0.142844
1.47101
-0.175876
-0.319619
-0.140524
0.192137
-0.0106649
-0.164719
0.271289
0.0245511

0.465691
0.016041
-1.68937
-3.51521
-0.034845
-2.0262
-3.10717
1.90093
2.94548
2.15052
0.876266
-0.32791
2.07454
0.774843
-0.503617

-0.011591
0.344425
0.398615
0.358704
-0.341967
-0.195166
-0.082734
-0.077282
-0.059994
0.640217
0.798088
1.02385
-0.815093
-0.859368
-1.1207

0.100835
0.081488
-0.375044
0.40802
0.089098
-0.203229
0.542167
-0.04381
-0.097656
-0.00581
0.505091
-0.752427
-0.045229
0.506164
-0.709658

0.401015
-0.044841
-1.82255
-3.50094
-0.086549
-2.0489
-3.59257
1.81045
2.85725
2.05432
0.845065
0.37583
1.98331
0.738993
0.030113

-0.0326899
0.311688
0.387229
0.409205
-0.363276
-0.133781
-0.0624359
-0.104546
-0.116712
0.601888
0.873473
0.80246
-0.830484
-0.971698
-0.770321

1.19227
0.973444
-0.537204
-1.16715
0.999563
-0.791448
-1.84244
0.876367
0.755102
0.698591
-0.226327
-1.28973
1.04372
0.203649
-0.88841

-0.119232
-0.496368
-1.28654
-2.79533
-0.602639
-1.56051
-2.94762
1.29272
2.34959
1.43938
0.52512
0.635012
1.57174
0.642711
1.35197

-0.0634029
0.315302
1.11493
2.04361
-0.366141
-0.14898
0.136915
-0.0892189
0.0303121
0.640605
0.228498
-0.488838
-0.77673
-1.28573
-1.29113

0.338512
0.283391
-1.23549
-0.025121
0.293091
-0.753951
-0.462046
0.157695
0.173441
0.206702
0.572858
-0.058795
0.168956
0.578763
-0.238009

0.335171
-0.123848
-1.29219
-2.78673
-0.167671
-1.95974
-3.71025
1.79626
2.86263
2.04637
0.801335
-0.080601
1.97604
0.670615
-0.367387

-0.0201909
0.336457
0.541001
0.657513
-0.363886
-0.335831
-0.402992
-0.0950569
-0.0759639
0.638324
0.977133
1.58986
-0.845959
-1.11146
-1.48895

-0.28996
-0.284908
-0.172096
0.690591
-0.277524
-0.127147
0.684662
-0.402307
-0.820613
-0.509227
0.0500489
0.125071
-0.246646
0.40486
1.1752

0.373179
-0.031537
-1.71093
-3.1761
-0.080696
-1.91551
-3.25261
1.67217
2.5326
1.88616
0.784492
-0.031127
1.84009
0.686144
0.423673

-0.0188361
0.305159
0.444151
0.679203
-0.315084
-0.200375
-0.160101
-0.0753861
-0.165884
0.565922
1.02311
1.82098
-0.71983
-0.998814
-2.18422

0.043939
0.018411
-0.366652
1.15529
0.017701
-0.593219
-0.10291
-0.110449
-0.266267
-0.139487
0.11258
-0.288454
-0.04023
0.411378
0.148369

0.441002
-0.036438
-1.8407
-2.95301
-0.018466
-1.92574
-3.54252
1.85449
2.88151
2.13261
0.88968
-0.237061
1.99428
0.743735
-0.383372

0.152485
0.458659
0.440914
0.342606
-0.221861
-0.326095
-0.647802
0.0274901
0.0207891
0.725727
1.02703
1.23921
-0.705761
-0.989494
-1.5439

0.022566
-0.00711
-0.388682
1.1724
-0.005947
-0.51577
-0.008448
-0.137386
-0.269915
-0.141624
0.218868
-0.035613
-0.089081
0.269432
-0.083693

0.46581
-0.0155391
-1.86023
-2.96022
-0.00900406
-1.96763
-3.63538
1.90774
2.96754
2.19949
0.939804
-0.257387
2.0415
0.706519
-0.523004

0.01676
0.337047
0.487673
0.389112
-0.357169
-0.162994
-0.068381
-0.100448
-0.199143
0.608823
0.879242
1.09143
-0.851357
-0.884638
-1.18596

0.335039
0.290692
-0.197954
0.232942
0.297755
-0.162317
0.274689
0.171433
0.225388
0.213156
-0.125448
-0.793762
0.161881
-0.166154
-0.75734

0.31334
-0.12473
-1.83046
-3.52943
-0.154006
-2.03302
-3.62143
1.67985
2.70301
1.93383
1.00343
0.563814
1.83034
0.686471
0.579003

-0.0346249
0.29214
0.476432
0.788419
-0.364096
-0.386998
-0.512454
-0.114539
-0.135816
0.564087
1.35671
0.357794
-0.822439
-1.33811
-0.126506

0.0332349
0.0353259
-0.147727
-0.590689
0.0394569
-0.195653
-0.62596
-0.0631011
-0.133723
-0.164213
0.238343
0.644123
-0.0591901
0.24701
0.742763

-0.302737
-0.647994
-2.02206
-3.29633
-0.674283
-2.18265
-3.36157
0.777859
1.56274
0.970378
1.80011
2.58936
0.882042
1.60634
2.29879

0.0299391
0.291109
0.426555
0.640926
-0.228542
-0.252696
-0.418412
-0.0302599
-0.0774159
0.5002
0.933371
0.466181
-0.589584
-1.07667
-0.614703

0.326963
0.300705
0.127506
0.601139
0.301954
-0.039182
0.361564
0.187727
-0.049121
0.084415
-1.09563
-2.1187
0.325329
0.795635
-0.110308

0.183875
-0.233439
-1.83822
-3.39747
-0.229196
-1.9547
-3.3895
1.43603
2.32194
1.67473
1.64816
1.78011
1.56787
0.500093
-0.0702739

0.070734
0.3499
0.281045
0.255476
-0.252957
-0.397239
-0.65128
-0.02974
0.019609
0.579836
0.95095
0.820639
-0.661958
-0.548539
-0.786476

0.14173
0.097128
-0.288035
0.251822
0.10314
-0.288736
0.303367
-0.025374
-0.105346
-0.020328
0.233813
-0.144791
0.004704
0.25323
-0.516324

0.485554
0.0343261
-1.71912
-3.40585
0.0124921
-1.92141
-3.4956
1.88254
2.91958
2.13993
0.883967
-0.273011
2.03906
0.723835
-0.306286

-0.06182
0.267079
0.61583
1.13852
-0.404574
-0.33947
-0.334947
-0.150657
-0.18732
0.546251
0.752128
1.04238
-0.873628
-0.943454
-1.06632

0.214647
0.183374
-0.669295
-0.611805
0.184019
-0.007822
0.696308
0.05692
-0.06598
0.102685
0.420843
0.055992
0.052827
0.06485
-0.677563

0.467912
-0.00124498
-1.6054
-3.4184
0.00934702
-1.95148
-3.48787
1.86779
2.89657
2.14299
0.902266
-0.245036
2.00591
0.698347
-0.281702

0.118374
0.426342
0.333518
0.109158
-0.247404
-0.113146
-0.00122406
0.000879936
-0.0626011
0.690918
0.865222
1.03384
-0.727939
-1.0365
-1.38944

0.180549
0.144201
0.233257
0.987269
0.150089
-0.25044
0.021129
0.031282
-0.173326
-0.095167
-0.076251
-0.652568
0.179382
0.292452
-0.971858

0.334139
-0.0801911
-1.77553
-3.29173
-0.104407
-1.87451
-3.40686
1.61793
2.5431
1.86138
0.77034
-0.221546
1.75681
1.02866
0.842414

0.152315
0.457976
0.543833
0.492695
-0.160409
-0.134205
-0.337743
0.074273
-0.00842702
0.699059
1.20836
1.10268
-0.57496
-1.52578
-1.98966

0.169615
0.133015
-0.617788
0.131052
0.133507
-0.332337
0.462249
0.00576
-0.162521
0.102734
0.578348
0.372416
-0.052433
-0.038222
-0.885395

0.458158
-0.016593
-1.69666
-3.40382
-0.00299199
-1.95412
-3.42568
1.87145
2.89334
2.16229
0.967209
-0.127834
1.99751
0.653857
-0.376124

0.068791
0.377958
0.340052
0.052328
-0.302767
-0.20665
-0.162817
-0.052413
-0.069972
0.634162
0.902364
1.33434
-0.788773
-0.980089
-1.14652

0.087261
0.082432
0.152498
0.863766
0.090685
0.154649
0.707589
-0.031676
-0.069514
0.00129701
0.212116
-0.021648
-0.025875
-0.83226
-1.37132

0.245161
-0.15198
-1.79589
-3.26873
-0.20356
-1.99599
-3.42401
1.52233
2.47567
1.72785
0.573534
-0.56951
1.69446
1.30021
1.87045

-0.0247739
0.296232
0.510578
0.838633
-0.313842
-0.174989
-0.213195
-0.0774379
-0.0272249
0.569333
0.744031
1.01109
-0.731155
-1.59589
-0.811397

0.329822
0.291268
-0.199427
0.16655
0.303259
-0.011888
0.53174
0.184635
-0.069601
0.422649
1.25564
0.295153
-0.028637
-1.18023
-2.29093

0.135536
-0.244341
-1.74207
-3.23258
-0.310123
-2.03048
-3.41259
1.38429
2.25993
1.59825
0.782435
0.349613
1.54006
1.32181
1.60026

-0.072997
0.250709
0.561969
1.07599
-0.345838
-0.150419
0.0364879
-0.111533
-0.177207
0.47056
0.587293
0.579675
-0.718789
-1.03806
-0.947838

0.160027
0.129092
-0.770887
-1.00943
0.136109
0.273207
1.12183
0.00608407
-0.148646
0.0726801
0.529892
0.445777
-0.0218609
0.0896121
-1.01348

0.42986
-0.0147461
-1.56997
-3.35771
-0.0483081
-1.97456
-3.37474
1.8233
2.83498
2.07674
0.870579
-0.330514
1.98152
0.686658
-0.0331011

-0.0341389
0.301234
0.418334
0.5935
-0.366621
-0.00756492
0.25101
-0.112071
-0.185467
0.578425
0.714096
0.97831
-0.830589
-1.11681
-1.18165

0.10277
0.0853399
-0.469707
0.359571
0.0966619
-0.957325
1.10267
-0.0472451
-0.136849
-0.0280381
0.282893
-0.599556
-0.0160491
0.503724
-0.278858

0.361658
-0.104027
-1.96106
-3.71608
-0.171472
-2.01327
-2.58608
1.86517
2.97098
2.1217
0.813983
0.0367783
2.05184
0.704888
-0.375005

0.00950799
0.39179
0.357283
0.309037
-0.325485
-0.404634
-0.236808
-0.046366
-0.055655
0.707146
1.05723
1.14694
-0.816563
-0.957854
-1.13556

0.873151
0.737428
-1.29661
-1.67602
0.749972
-1.47895
-1.78933
0.60935
0.874113
0.625928
0.649346
-0.281495
0.641021
0.836125
-0.0740311

0.138868
-0.35627
-0.802188
-2.83891
-0.391653
-0.954121
-2.84541
1.72469
2.85793
2.00741
0.548628
-0.485266
1.91294
0.358647
-0.875289

0.00210186
0.381902
0.520256
0.618674
-0.384577
-0.344567
-0.363251
-0.0916361
-0.0942561
0.708905
1.04147
1.16823
-0.915953
-1.05834
-1.18896

0.337124
0.308536
-0.775019
-0.278532
0.317315
-1.62045
-0.0315311
0.173685
0.307868
0.262629
0.912162
0.0733899
0.162328
0.489048
-0.638548

0.313027
-0.170208
-1.85832
-3.80061
-0.216327
-1.43446
-2.6539
1.84029
2.97398
2.10769
0.864287
-0.179582
2.01963
0.57457
-0.380066

-0.0686
0.304689
0.243825
0.220786
-0.425521
0.00448798
-0.122672
-0.145581
-0.212081
0.615041
0.91483
1.41663
-0.932385
-0.930788
-0.882665

0.616166
0.5692
-0.752114
-1.04445
0.575142
-1.06704
-0.942928
0.442562
0.641853
0.68893
1.12833
0.363064
0.256245
-0.341418
-1.13354

0.162529
-0.305965
-1.66347
-3.50254
-0.326105
-1.4778
-3.18547
1.60568
2.66382
1.86525
0.579609
0.425222
1.76917
0.49184
0.898241

-0.276048
0.0617029
0.312221
0.708731
-0.630545
-0.260332
0.218864
-0.369577
-0.476991
0.316715
0.793377
1.53336
-1.09929
-0.860924
0.0287319

0.709634
0.672306
-1.19803
-0.303139
0.682498
-0.100904
0.0392801
0.550867
0.590792
0.54253
-0.51617
-1.07084
0.627952
-0.295887
-0.930894

-0.201177
-0.637291
-0.740883
-2.2321
-0.690546
-2.52967
-4.16275
1.19731
2.22875
1.41797
0.747593
1.75655
1.38602
0.697848
1.76237

0.0650419
0.414082
0.522283
0.328229
-0.254476
-0.176669
-0.167442
0.00406293
0.0178689
0.710202
1.06944
0.629256
-0.704632
-1.3735
-1.08375

0.1929
0.160117
-0.279611
0.329887
0.168115
-0.140352
0.657119
0.0383368
-0.21953
0.156795
0.740112
-0.514065
-0.0490752
-0.0395252
-1.20122

0.312373
-0.126731
-1.84994
-3.48518
-0.166441
-2.10556
-3.57111
1.69931
2.68939
1.9525
0.769309
0.726491
1.85649
0.478738
0.820369

-0.05558
0.282549
0.60733
1.06869
-0.382303
-0.373311
-0.40978
-0.127618
-0.178517
0.555723
0.819246
0.532259
-0.841252
-1.02722
-0.470218

0.404561
0.31223
0.26649
1.24031
0.331658
-1.06989
-0.833033
0.203915
0.076797
0.178812
0.411546
-0.665213
0.268855
-0.203261
-0.923772

0.112707
-0.280078
-1.82191
-3.09303
-0.379378
-1.5935
-3.18178
1.47305
2.46251
1.69493
0.523324
0.415112
1.65494
0.555283
1.45782

-0.055587
0.312019
1.20231
1.9999
-0.335141
-0.856834
-0.694403
-0.075268
-0.186223
0.613469
0.947997
0.572747
-0.771049
-1.21671
-1.45723

0.233454
0.205038
0.12154
0.849758
0.210491
0.182771
0.839908
0.0845639
-0.00891506
0.124245
-0.0966711
-1.27621
0.0852409
-0.131951
-1.42327

0.38746
-0.0499641
-1.79882
-3.39244
-0.0737351
-1.97932
-3.4712
1.74324
2.73606
1.99058
0.718094
0.423216
1.89616
0.495749
0.374929

-0.021166
0.29961
0.396036
0.527164
-0.351379
-0.29389
-0.324485
-0.104902
-0.14886
0.57057
0.937093
1.0518
-0.80659
-0.93684
-0.794162

0.18435
0.154489
-0.269649
0.546474
0.164201
-0.485137
0.59914
0.0303611
-0.117551
0.0295841
-0.000145865
-0.815642
0.0764331
0.336167
-0.433076

0.442129
-0.000693976
-1.79821
-3.45866
-0.053189
-1.93862
-3.2608
1.85986
2.89147
2.10781
0.852419
-0.029821
2.03029
0.71576
-0.359743

-0.0539851
0.299192
0.409237
0.505106
-0.379059
-0.164531
0.00658694
-0.117026
-0.160529
0.59242
0.973091
1.27244
-0.845003
-1.03314
-1.30479

0.177463
0.130201
-1.22314
-1.37566
0.138209
0.0899971
0.821691
0.00806414
-0.144202
0.0775261
0.535665
0.449568
-0.0211709
0.458402
-0.122617

0.416356
-0.031798
-1.29945
-3.13676
-0.066432
-2.08677
-3.58676
1.82147
2.83616
2.08092
0.8906
-0.169878
1.97728
0.706138
-0.351072

0.00150199
0.340384
0.36419
0.391981
-0.333868
-0.219965
-0.14228
-0.076619
-0.097821
0.618993
0.757771
1.23726
-0.80262
-0.874382
-1.16453

0.0879951
0.0612571
-0.488436
0.145556
0.0675061
-0.377702
0.73962
-0.0661849
-0.157264
-0.0804259
0.0467301
-0.542738
-0.00940993
0.368532
0.204964

0.48215
0.0220601
-1.74724
-3.49447
-0.00762489
-2.00655
-3.30637
1.91537
2.97435
2.18155
0.884329
-0.216762
2.07247
0.760311
-0.513578

0.073676
0.415609
0.325111
0.136604
-0.272011
-0.28642
-0.475998
-0.010819
-0.014293
0.702723
0.942724
1.06862
-0.751248
-0.789778
-1.0645

0.18435
0.155685
-0.139947
0.938055
0.160796
-1.1411
-0.636282
0.026647
-0.094053
-0.083261
0.196994
-0.850077
0.185978
1.17771
-0.081494

0.244787
-0.224166
-2.05153
-3.59971
-0.245261
-1.81162
-3.3913
1.6916
2.74801
1.94367
0.664803
0.875504
1.86688
0.876045
0.412289

0.118467
0.45778
0.193594
-0.088512
-0.236775
-0.063417
-0.344274
0.025331
0.008491
0.741153
1.08839
0.285969
-0.702276
-0.686379
-0.797546

0.223369
0.178979
-0.073117
0.54852
0.183916
-0.13184
0.386262
0.054784
-0.163529
0.081368
0.140211
-0.432303
0.053447
0.00671901
-1.05679

0.492099
0.0325152
-1.79193
-3.51093
0.0180392
-1.94363
-3.54475
1.9017
2.91757
2.18101
0.905289
-0.248004
2.04024
0.661359
-0.110578

0.00529293
0.332555
0.359935
0.451298
-0.346414
-0.435288
-0.681138
-0.0911021
-0.12571
0.604787
0.882091
0.818725
-0.82583
-0.649163
-0.300038

0.17238
0.132516
-0.819317
-0.466001
0.137947
-0.072939
1.05936
0.007424
-0.125666
0.015746
0.600529
-0.745715
0.032857
0.641917
-0.571033

0.316087
-0.143535
-1.72544
-3.52423
-0.162866
-2.16173
-3.41399
1.73326
2.77387
1.9866
0.847987
0.756048
1.90006
0.668743
0.14913

0.0286099
0.360563
0.450294
0.376203
-0.32081
-0.256059
-0.283292
-0.0638121
-0.0644701
0.645227
1.02691
0.732375
-0.794991
-0.951528
-0.885221

0.512164
0.412259
-0.523991
-0.0987889
0.415726
-0.552329
0.0298531
0.306625
0.123343
0.0181551
-0.140865
-1.04632
0.601052
0.699892
-0.75678

0.128288
-0.290016
-1.62755
-3.21618
-0.275221
-1.82184
-3.23215
1.38908
2.30643
1.60361
0.807299
0.0707171
1.55505
1.30884
1.29365

0.077448
0.35288
0.928754
1.15647
-0.259765
-0.373762
-0.711227
-0.034009
-0.071557
0.558788
1.43422
1.16104
-0.637205
-1.95489
-1.62719

0.819333
0.736685
-0.942739
-1.0889
0.746374
-1.00482
-1.05245
0.626296
0.434098
0.636633
-0.484657
-0.102057
0.697355
-0.33546
0.314316

-0.449664
-0.868062
-1.44999
-3.1691
-0.902412
-1.70213
-3.24797
0.873494
1.76467
1.1222
1.31521
2.4207
1.01498
1.08038
2.19769

0.0557832
0.376698
0.480956
0.604574
-0.261656
-0.264561
-0.23934
-0.0172008
-0.0822278
0.635972
1.10272
0.477038
-0.695953
-1.25693
-0.915871

0.740461
0.697855
-0.370865
-0.123944
0.704167
-0.434255
-0.108304
0.591611
0.69288
0.632122
-0.486031
-1.24197
0.60621
-0.587846
-1.31209

-0.153288
-0.545031
-1.79672
-3.36022
-0.570075
-1.94995
-3.36081
1.06735
1.97215
1.28186
1.22679
1.94782
1.21149
1.11262
1.91601

0.007294
0.298285
0.458793
0.575233
-0.287431
-0.20133
-0.181701
-0.064969
-0.100881
0.547164
0.875272
0.718363
-0.696252
-1.00262
-0.945221

0.601364
0.511191
-1.24476
-1.37695
0.518597
0.374845
1.52408
0.395932
0.282268
0.574362
0.588077
-0.607505
0.246776
-0.722552
-1.66572

0.0273829
-0.414808
-0.915783
-2.69026
-0.430405
-2.36822
-3.5668
1.40061
2.41156
1.64968
0.447338
0.391058
1.55957
0.846252
1.65282

0.083283
0.402818
0.374769
0.652264
-0.259556
-0.488335
-0.595835
-0.009867
-0.035316
0.656193
1.03008
0.775221
-0.708246
-1.01865
-0.858831

0.206282
0.193442
0.248254
1.21392
0.197849
0.168097
1.04553
0.08094
-0.128606
0.092196
-0.177794
-1.17654
0.11165
-0.710577
-1.36464

0.092217
-0.310702
-1.92422
-3.25449
-0.333019
-2.08689
-3.34023
1.34115
2.2308
1.57797
0.8405
1.28627
1.47262
0.84888
1.55913

0.00596092
0.301689
0.374748
0.43635
-0.297454
-0.272614
-0.45612
-0.0706091
-0.161774
0.54303
1.29933
1.15209
-0.713582
-1.3835
-0.757545

0.18728
0.142939
-0.430772
-0.0205311
0.144205
-0.548525
0.0833149
0.0181879
-0.212156
-0.0482581
-0.0319471
-0.828706
0.117313
0.74903
0.678626

0.45875
-0.00967895
-1.75244
-3.48448
0.00148905
-1.83074
-3.31884
1.8565
2.85076
2.14577
0.87882
-0.034767
1.98125
0.747903
-0.49028

0.172872
0.480688
0.336987
0.14316
-0.193116
-0.31027
-0.818595
0.055196
0.020298
0.737176
1.06977
1.07642
-0.668986
-0.741226
-1.36038

0.177716
0.142327
-0.634401
-0.8122
0.146105
0.371469
1.30939
0.017201
-0.135909
0.127311
0.457435
0.270647
-0.056689
-0.15228
-1.22813

0.445013
-0.0155979
-1.65469
-3.45673
-0.0252049
-1.97452
-3.33367
1.84996
2.87404
2.11756
0.870816
-0.301957
1.99748
0.676953
-0.0694599

0.00139506
0.323871
0.288252
0.139272
-0.351574
-0.0745589
0.200768
-0.0987179
-0.137585
0.588682
0.723781
0.985269
-0.823295
-0.963053
-0.802507

0.242482
0.220105
-0.079295
0.391056
0.22429
0.013936
0.58203
0.112337
0.048529
0.262479
0.353741
0.021665
-0.019824
-0.574084
-1.79945

0.247002
-0.143488
-1.66104
-3.06299
-0.161137
-1.85814
-3.13822
1.45364
2.34513
1.68154
0.98714
0.928409
1.57949
0.546656
0.256013

-0.173013
0.109991
0.421787
0.874091
-0.469366
-0.558998
-0.650885
-0.250686
-0.233684
0.342308
1.3373
2.73166
-0.876686
-1.28607
-1.31775

0.541297
0.502937
0.191731
0.754883
0.509349
0.189645
0.724408
0.392253
0.268942
0.410835
-0.630706
-1.74829
0.402093
-0.683227
-1.82615

0.200341
-0.204932
-1.82752
-3.35545
-0.232094
-2.00684
-3.41852
1.46518
2.3781
1.69628
1.08007
0.808892
1.60871
0.943658
0.864125

-0.0240669
0.27842
0.409593
0.613724
-0.328833
-0.257416
-0.293361
-0.0979089
-0.0929469
0.532589
0.826918
0.556947
-0.751856
-0.857054
-0.514749

0.224557
0.193989
0.0983289
1.00845
0.198328
-0.248575
0.349752
0.0845139
-0.0549781
-0.0482671
-0.823263
-1.86264
0.251171
0.433981
0.194657

0.234155
-0.167217
-1.75317
-3.08373
-0.182908
-1.86222
-3.2195
1.46772
2.37386
1.70218
0.828681
0.486903
1.59943
0.724518
0.851287

0.218618
0.506956
0.731888
0.872546
-0.0866719
-0.0902399
-0.257802
0.137052
0.0724331
0.743958
1.10863
0.565066
-0.48912
-1.39124
-2.64208

-0.023006
-0.041654
0.016136
0.908398
-0.034727
0.077882
0.97562
-0.167467
-0.361962
-0.180458
0.014489
-0.544105
-0.10805
0.150245
-0.681341

0.475642
0.026886
-1.79316
-3.37274
-0.010307
-1.99681
-3.43114
1.88654
2.90801
2.14123
0.870565
-0.211467
2.04801
0.722176
-0.263432

-0.017829
0.323972
0.479745
0.744525
-0.351925
-0.268444
-0.343195
-0.09373
-0.097885
0.6104
0.813041
0.802969
-0.819635
-0.846846
-0.935163

0.728569
0.674408
0.135677
0.361008
0.680849
-1.4872
-0.746696
0.548903
0.589181
0.635431
0.016351
-0.98215
0.528497
-0.312383
-1.37045

-0.0631689
-0.529386
-2.31606
-4.14606
-0.550491
-0.758509
-2.29078
1.37791
2.4364
1.63824
0.607125
1.40281
1.54052
0.46617
1.18529

-0.0476091
0.290552
0.428549
0.542925
-0.401545
-0.205736
-0.0259571
-0.140288
-0.229809
0.572432
1.15598
0.941572
-0.883019
-1.19997
-0.798078

1.32338
1.17535
-1.00917
-1.58058
1.19053
-1.18237
-1.65104
1.04585
1.19152
1.12361
0.102582
-1.18951
1.02123
-0.127678
-1.43371

-0.332698
-0.831953
-0.755699
-2.70858
-0.881613
-1.0458
-2.8619
1.29485
2.47644
1.58217
0.431929
1.00668
1.49226
0.248074
0.885853

-0.0538881
0.34349
0.430368
0.737245
-0.441492
-0.281894
-0.235268
-0.138873
-0.161675
0.686499
1.13432
0.949951
-0.988182
-1.0784
-0.902198

0.348443
0.265818
-0.239268
0.258668
0.254414
-0.94383
-0.939507
0.140653
-0.194622
-0.0113921
0.00925393
-0.652357
0.328693
0.783037
0.591997

0.366493
-0.141624
-1.78828
-3.2722
-0.028198
-1.59219
-3.19324
1.7485
2.69705
2.12147
0.862769
-0.124915
1.78473
0.531134
0.028491

0.512105
0.749856
0.065222
-0.84433
0.079477
-0.201161
-0.804704
0.306737
0.013787
0.941866
1.2712
1.15503
-0.417179
-0.781056
-2.04684

0.105879
0.0797091
-1.05103
-0.842337
0.0824011
0.155832
1.37732
-0.0478969
-0.144696
0.0602391
1.0762
-0.118814
-0.101109
0.291301
-0.922995

0.24317
-0.223506
-1.65411
-3.46383
-0.228803
-2.23041
-3.38917
1.66047
2.69567
1.93376
1.06928
0.552019
1.80313
0.548054
0.684283

0.0736519
0.395714
0.247048
-0.0113971
-0.284821
-0.192138
-0.0568561
-0.0310431
-0.124617
0.660523
0.87848
0.806673
-0.763956
-1.05354
-0.54372

0.14747
0.103731
-0.402312
0.258678
0.116057
-0.727601
0.596328
-0.0215231
-0.217203
-0.0537111
-0.0412441
-0.624267
0.0511709
0.548157
0.266271

0.458681
0.0103179
-1.79778
-3.55994
-0.0553641
-1.94036
-3.20386
1.91556
2.9675
2.16211
0.848646
-0.267423
2.09999
0.811441
-0.449525

-0.0118779
0.358591
0.301704
0.147529
-0.338136
-0.173495
-0.149085
-0.0665999
-0.0837029
0.664465
0.929381
1.09948
-0.810167
-0.808573
-1.05951

0.260301
0.215442
-0.85516
-0.88803
0.22114
0.149005
1.22185
0.0907921
-0.0802999
0.127467
0.389823
-0.231626
0.0910691
0.195609
-0.907385

0.431252
-0.028333
-1.53276
-3.35861
-0.047818
-2.04739
-3.39807
1.85022
2.8866
2.11731
0.839842
-0.201705
2.00292
0.593827
-0.10729

-0.081705
0.250627
0.517392
0.882817
-0.431704
-0.320812
-0.306443
-0.174275
-0.20287
0.53075
0.766464
1.00448
-0.910564
-0.904211
-0.619942

1.41727
1.19846
-0.691113
-1.39031
1.22183
-0.845089
-1.10814
1.06944
1.56127
1.17927
-0.17072
-1.44125
1.03959
-0.824311
-2.21622

-1.03158
-1.53486
-0.125937
-2.26664
-1.61869
-0.294785
-2.35491
0.709181
1.94091
1.01136
0.608803
1.49336
0.926045
0.873192
1.66455

0.060075
0.50269
0.639591
0.769432
-0.340272
-0.938225
-0.627952
-0.00790699
0.00627701
0.874279
1.15235
0.902432
-0.910453
-1.0516
-1.03072

-0.0286701
-0.0626971
-0.753701
-0.487056
-0.0567001
-0.0471421
0.850062
-0.180556
-0.332865
0.283755
1.1447
1.95482
-0.627989
-1.02742
-0.628543

0.237919
-0.192201
-1.76806
-3.39982
-0.217821
-2.0874
-3.32596
1.57358
2.53571
1.82444
0.986224
0.757452
1.71735
0.630134
0.728446

-0.271616
0.04626
0.028213
0.531215
-0.596023
-0.47667
0.038535
-0.352295
-0.206778
0.130465
0.416371
1.10055
-0.888044
-0.314253
0.814069

-0.116489
-0.13817
-0.204602
0.619887
-0.131939
-0.18063
0.687009
-0.263377
-0.450119
-0.249593
0.215361
0.160206
-0.23703
0.264102
0.025384

0.475064
0.0253789
-1.77746
-3.35143
-0.00599105
-1.97929
-3.41287
1.87892
2.89651
2.13732
0.938673
-0.213357
2.03533
0.802253
-0.449048

-0.031496
0.305152
0.536278
0.950453
-0.368414
-0.30605
-0.457938
-0.112118
-0.12425
0.587872
0.726436
1.11719
-0.838568
-0.822728
-1.16182

0.377231
0.319335
-0.869343
-0.482027
0.341314
-0.615781
0.449337
0.200924
0.119483
0.260016
0.210606
-0.962852
0.178651
0.641574
-0.168468

0.281456
-0.127807
-1.53192
-3.28772
-0.255957
-1.96448
-3.1532
1.72754
2.775
1.92484
0.772061
0.669168
1.95856
0.63469
-0.422237

-0.317965
0.0877721
0.546237
0.94022
-0.595712
0.0768101
0.918632
-0.317408
-0.275931
0.422405
1.03542
1.23832
-1.04609
-1.2961
-1.4166

0.305086
0.262413
-1.08814
0.676113
0.261301
-0.964893
-0.19159
0.125278
0.0696151
0.182697
1.01268
-0.268532
0.119807
0.4126
-0.914429

0.214774
-0.301142
-1.77302
-2.85643
-0.273852
-2.01678
-3.73781
1.7333
2.85398
2.05348
0.958546
0.430824
1.86017
0.458497
0.395458

0.0676201
0.391567
0.485136
0.362161
-0.340317
-0.120334
-0.145956
-0.0736129
-0.144031
0.667833
1.00103
0.814489
-0.870434
-1.24079
-0.854361

0.0154341
-0.00782187
-0.228163
0.707825
-0.000552871
-0.263503
0.51182
-0.13251
-0.273609
-0.187236
-0.10622
-0.825037
-0.0391709
0.470634
0.358109

0.475597
0.0291361
-1.77123
-3.33133
-0.00886393
-1.98586
-3.45092
1.8806
2.91109
2.13222
0.84755
-0.125731
2.04451
0.812018
-0.4588

-0.00688499
0.334087
0.516079
0.831837
-0.33914
-0.30119
-0.45639
-0.081746
-0.111872
0.617614
0.864339
0.877598
-0.800141
-0.799932
-1.14426

-0.0531581
-0.0318451
-0.0266041
-1.14512
-0.0268591
-0.0466291
-1.08415
-0.135023
-0.00850808
-0.198187
0.469428
0.888825
-0.239101
0.689151
0.947786

-0.264846
-0.617171
-2.06909
-3.201
-0.655656
-2.23415
-3.24091
0.851303
1.63084
1.03553
1.56156
2.24598
0.966452
1.60342
2.38773

0.00465313
0.281748
0.334507
0.495977
-0.252395
-0.194405
-0.350086
-0.0467359
-0.0449459
0.512193
0.817325
0.623617
-0.622754
-0.971543
-0.587157

0.33075
0.288898
0.0566289
0.807329
0.293237
-0.508416
-0.312111
0.177132
-0.0619981
0.00424294
-0.835228
-1.86353
0.375497
1.20873
0.0388349

0.150818
-0.263724
-1.89278
-3.31794
-0.275312
-1.88197
-3.28701
1.42088
2.31559
1.63969
1.25268
1.44115
1.58001
0.687057
0.430859

-0.0128039
0.280948
0.301015
-0.0884069
-0.330455
-0.412864
-0.94687
-0.100877
-0.0778339
0.516687
1.26117
1.71132
-0.726379
-0.697894
-0.676751

0.0118399
-0.0108901
-0.184282
1.3647
-0.00886007
-0.854015
-0.311999
-0.141672
-0.256635
-0.1671
0.245116
0.13113
-0.0743191
0.308566
-0.0515771

0.444662
-0.033557
-1.89109
-2.97656
-0.035464
-1.87354
-3.52297
1.88921
2.95509
2.17902
0.93557
-0.285926
2.02581
0.701135
-0.511386

0.027106
0.353501
0.409203
0.331548
-0.341315
-0.094802
-0.026253
-0.082784
-0.161663
0.628022
0.897728
1.12168
-0.833022
-0.93445
-1.2945

0.149624
0.120517
0.209185
0.985023
0.129697
-0.704967
-0.992569
-0.003437
-0.204401
-0.059932
-0.048854
-0.701699
0.09526
0.626705
0.399848

0.473971
0.0306279
-1.7772
-3.44257
-0.0184941
-1.78944
-3.45598
1.88617
2.90335
2.13708
0.853272
-0.272673
2.05273
0.811358
-0.392194

0.0278919
0.37769
0.201279
0.00722886
-0.298314
-0.0471971
0.0559709
-0.0377541
-0.0681391
0.665566
0.843118
0.806572
-0.759018
-0.733902
-1.04099

0.78285
0.577595
-0.791593
-0.475516
0.597679
-0.797264
-0.523582
0.480719
0.187103
0.493178
0.501831
-0.220551
0.428769
-0.557951
-0.683267

0.032361
-0.35201
-1.48804
-3.24121
-0.419356
-1.79798
-3.41765
1.39777
2.37844
1.61333
0.313082
-0.587622
1.59443
1.66842
2.30603

-0.0361359
0.312517
0.675065
0.802662
-0.354729
-0.492383
-0.27602
-0.0902179
-0.116605
0.611561
0.836937
0.858087
-0.795524
-1.5375
-0.397717

0.850122
0.677288
-0.776357
-0.277928
0.691209
-0.843264
-0.415564
0.564932
0.514913
0.570166
-0.086738
-1.05185
0.566574
0.057805
-1.04131

0.095813
-0.348284
-1.61383
-3.48355
-0.38123
-1.82141
-3.55458
1.56164
2.656
1.83073
0.591919
1.23375
1.73305
0.382466
1.11751

-0.000205934
0.351198
0.619723
0.6023
-0.361868
-0.486668
-0.413377
-0.0881989
-0.172535
0.652889
0.8544
0.294263
-0.855851
-0.650795
-0.345275

0.248019
0.215698
0.211864
0.848201
0.221583
0.20392
0.781183
0.0969669
0.0322559
0.12394
-0.401963
-1.22915
0.106182
-0.237005
-1.2217

0.2426
-0.189712
-1.93084
-3.5363
-0.215089
-2.11011
-3.60307
1.5856
2.5789
1.8181
0.641045
1.28139
1.75018
0.495118
1.19219

-0.00145
0.317399
0.411543
0.596198
-0.327103
-0.275168
-0.33306
-0.082758
-0.148414
0.590325
0.696392
0.172201
-0.774255
-0.569992
-0.271858

0.170917
0.139092
-0.226916
0.498972
0.149273
-0.631133
-0.0268961
0.0151329
-0.122211
-0.0152011
-0.0994731
-0.822291
0.0835079
0.594373
0.292854

0.466384
0.0235809
-1.78085
-3.48294
-0.0315401
-1.86073
-3.49282
1.88625
2.92516
2.13482
0.855187
-0.114713
2.05779
0.810095
-0.39568

-0.0159839
0.339618
0.254061
0.152913
-0.340306
-0.115886
-0.162301
-0.0770539
-0.104785
0.634458
0.92358
1.11082
-0.805697
-0.809651
-0.983783

-0.0276241
-0.0474171
-0.593412
-0.139566
-0.0351401
0.0411529
1.54844
-0.174177
-0.263242
-0.113517
0.147546
-0.0979711
-0.180948
0.216433
-0.280557

0.464022
0.0222791
-1.76533
-3.585
-0.0513419
-2.09284
-2.98675
1.91295
2.97373
2.14838
0.847596
-0.360795
2.10376
0.778544
-0.409204

-0.0187359
0.354707
0.3687
0.273135
-0.335562
-0.248438
-0.198957
-0.0652179
-0.0390679
0.662393
0.802951
1.03842
-0.805728
-0.844613
-0.94399

0.0121319
-0.0256501
0.522225
1.70025
-0.0197561
-0.752976
-0.71179
-0.14968
-0.280522
-0.210615
-0.101091
-0.508058
-0.0492781
0.409634
0.165176

0.461505
0.00772008
-1.74906
-3.14101
-0.0156529
-1.8422
-3.52084
1.86741
2.89578
2.12442
0.839722
-0.283641
2.02656
0.763962
-0.434679

0.0531159
0.384958
0.28487
0.194936
-0.290472
-0.106983
-0.0971471
-0.0349301
-0.0848421
0.663331
0.831887
0.906713
-0.754823
-0.796962
-1.15365

0.544254
0.348777
-1.14724
-1.02638
0.365507
-1.1844
-1.01443
0.240411
0.130566
0.211618
0.669302
0.351713
0.259107
0.845457
0.405738

0.34491
-0.0888028
-1.3252
-3.22709
-0.134069
-1.55071
-3.2647
1.80506
2.89936
2.05732
0.802296
-0.46018
1.99385
0.717085
-0.56913

0.035159
0.392511
0.611945
0.675341
-0.318625
-0.5793
-0.723858
-0.042911
-0.059756
0.701921
0.99538
0.976802
-0.80407
-0.949039
-0.9115

0.497825
0.43374
-0.605068
-0.494991
0.439362
-0.553201
-0.361858
0.312061
0.357723
0.305246
0.233984
-0.750629
0.359782
0.444592
-0.618569

0.420572
-0.0382121
-1.55318
-3.40421
-0.0502071
-1.80712
-3.51693
1.82646
2.86383
2.08744
0.810295
-0.0149461
1.98114
0.598099
-0.203023

0.01581
0.340568
0.521739
0.685083
-0.336322
-0.318401
-0.442049
-0.082302
-0.104177
0.61975
0.978782
1.05987
-0.810816
-0.973777
-1.15376

0.302012
0.253034
-0.0650089
0.684191
0.259631
-0.530694
-0.337449
0.128861
0.0243801
0.0976911
-0.106222
-0.956891
0.203601
0.399021
-0.356158

0.477092
0.019199
-1.79457
-3.48015
-0.00500799
-1.84928
-3.5643
1.89965
2.93825
2.16276
0.836064
0.00110501
2.05725
0.695703
-0.393761

0.120706
0.456895
0.392958
0.289968
-0.226811
-0.168246
-0.325231
0.0320431
0.00498507
0.739744
0.821077
0.357709
-0.700957
-0.727582
-1.06726

0.0125719
-0.0252341
-0.57367
-0.234657
-0.0141541
-0.00385306
1.20175
-0.148579
-0.297618
-0.13297
0.0621409
-0.316884
-0.122569
0.327121
0.266601

0.486915
0.046013
-1.71336
-3.53593
-0.013088
-2.02457
-3.19201
1.91117
2.94571
2.15202
0.862571
-0.311134
2.0912
0.808864
-0.514369

-0.030674
0.328074
0.409002
0.372535
-0.352567
-0.177808
-0.032036
-0.088394
-0.078649
0.626721
0.8132
1.02534
-0.818224
-0.866069
-1.13045

0.340499
0.278721
-1.10984
-0.272105
0.285725
-0.756155
0.629896
0.147927
0.0922509
0.192231
0.674065
-0.594628
0.145638
0.665452
-0.719681

0.217485
-0.268696
-1.6947
-3.46226
-0.291078
-2.1864
-3.33017
1.72701
2.84174
1.98765
0.71382
0.680012
1.91335
0.590116
0.562128

0.12768
0.48173
0.341749
0.085765
-0.243492
-0.284544
-0.416438
0.030458
0.00252999
0.789103
1.06979
0.581285
-0.748521
-1.07139
-0.745707

0.287259
0.224765
0.294456
0.955828
0.233462
-0.757448
-1.35111
0.106962
-0.0579769
0.0718211
0.0269311
-0.88293
0.171931
0.597611
0.0784421

0.426018
-0.0116301
-1.80593
-3.48001
-0.0457921
-1.73092
-3.38328
1.80373
2.80274
2.05662
0.784513
0.288492
1.95916
0.724594
-0.388305

0.064735
0.397566
0.281615
0.20881
-0.265091
-0.164705
-0.163272
-0.011973
-0.071897
0.675256
0.95922
0.898432
-0.721763
-0.847238
-1.23969

0.095099
0.056026
-0.663858
-1.14784
0.05895
0.510312
1.2215
-0.067921
-0.183474
-0.025754
0.357352
0.177573
-0.069775
0.144367
-0.462551

0.476687
0.0173439
-1.65283
-3.41864
0.0149069
-1.88568
-3.42021
1.86872
2.89397
2.13519
0.918744
-0.24808
2.01344
0.697286
-0.410838

0.0224881
0.337466
0.29806
0.238765
-0.332515
-0.0459029
0.155986
-0.0830039
-0.15529
0.607254
0.769334
0.931894
-0.807422
-0.890201
-1.04691

0.0281761
0.00683007
0.313306
1.24307
0.00959607
-0.674852
-0.771798
-0.118277
-0.256956
-0.139122
0.0771671
-0.115026
-0.0515769
0.372652
0.0768091

0.480252
0.0243999
-1.76582
-3.31714
0.0167599
-1.82071
-3.45628
1.86566
2.87654
2.13331
0.889783
-0.268582
2.00651
0.750704
-0.415382

0.0895871
0.406409
0.284633
0.365176
-0.259525
-0.294862
-0.631349
-0.0106429
-0.0300339
0.674095
0.915982
1.18951
-0.726969
-0.795272
-1.17674

-0.086004
-0.106783
0.051749
0.890122
-0.102865
-0.68636
-0.447076
-0.225399
-0.407346
-0.669046
-1.08832
-0.687994
0.232766
1.15348
2.17907

0.239072
-0.191708
-1.869
-3.24496
-0.20773
-1.90841
-3.44478
1.55904
2.49495
1.77883
0.733754
0.467879
1.73151
0.869905
0.991663

0.233783
0.542132
0.652833
0.226594
-0.0936439
0.229287
-0.0305079
0.145844
-0.0203689
0.655369
0.260352
-0.645359
-0.362806
-0.576646
-1.21686

-0.075002
-0.070823
-0.084419
0.696994
-0.066918
-0.064975
0.674909
-0.170365
-0.610018
-0.156053
-0.04898
-0.266146
-0.13427
0.13718
0.238886

-0.0853269
-0.433814
-1.80674
-2.97816
-0.459108
-1.98516
-3.07975
1.00424
1.67715
1.19792
1.09164
1.8211
1.1308
1.0467
1.85851

-0.00987105
0.251804
0.47703
0.720126
-0.269818
-0.258885
-0.341852
-0.071304
-0.080864
0.472299
1.54802
2.25046
-0.631593
-1.71193
-2.34362

0.362859
0.316913
-0.187516
0.278292
0.320743
0.0557071
0.643663
0.202085
-0.0328469
0.40932
0.719873
-0.193897
0.0305661
-1.13245
-1.79331

0.235122
-0.193653
-1.80232
-3.42743
-0.199903
-2.02005
-3.46792
1.53986
2.4648
1.80149
0.672799
-0.105413
1.66243
1.06729
1.7729

-0.12912
0.168682
0.252072
0.431852
-0.458355
-0.552127
-0.652781
-0.224194
-0.324266
0.389587
0.75156
0.878414
-0.887452
-0.272253
0.628382

-0.242222
-0.264045
-0.514926
0.0480179
-0.260394
-0.478189
0.0580359
-0.382002
-0.555442
-0.323717
0.532111
1.10673
-0.401789
0.596668
1.08116

0.352785
-0.0758479
-1.76731
-3.34487
-0.0895749
-1.92607
-3.39732
1.66587
2.60397
1.91481
1.08948
0.391228
1.80361
0.91072
-0.131475

-0.016538
0.287887
0.385627
0.563101
-0.342506
-0.283429
-0.354355
-0.105711
-0.12306
0.540365
0.916492
1.59069
-0.784082
-0.88399
-1.39049

-0.040525
-0.060548
-0.790349
-0.502702
-0.053011
0.658184
1.86555
-0.185868
-0.299768
-0.10217
0.27146
0.179341
-0.22769
0.026045
-0.737949

0.436554
-0.0102259
-1.67052
-3.49954
-0.0511819
-1.90827
-3.09759
1.84634
2.88105
2.09769
0.865994
-0.302366
2.0108
0.698708
-0.297453

-0.0574111
0.286654
0.426616
0.407788
-0.388727
-0.109348
0.0842099
-0.129975
-0.13652
0.568137
0.738473
1.02726
-0.854612
-0.925928
-0.936619

0.0740799
0.0424199
-0.239406
0.312888
0.0457199
-0.312464
0.562472
-0.0842821
-0.302764
-0.107197
0.0324779
-0.654488
-0.0166381
0.466562
0.18062

0.485847
0.0204461
-1.79578
-3.54322
0.0128241
-1.96444
-3.39428
1.90165
2.91328
2.17264
0.899882
-0.112878
2.04864
0.790708
-0.435316

0.124125
0.447933
0.238117
-0.0916049
-0.233291
-0.293085
-0.590693
0.0213801
0.0422741
0.721807
0.991067
1.02036
-0.710099
-0.714214
-0.974075

0.347716
0.286945
-0.246203
0.175338
0.297628
-0.20803
0.121001
0.175355
-0.0651529
0.112796
-0.0930299
-0.911422
0.266304
0.358844
-0.61809

0.328793
-0.0820581
-1.72651
-3.3872
-0.130777
-1.91359
-3.47293
1.64728
2.57533
1.86212
0.614014
0.190981
1.82417
0.68653
0.983857

0.136864
0.465239
0.766427
1.17712
-0.166776
-0.00465794
0.0525791
0.0775931
0.0352781
0.743523
0.761358
0.145442
-0.594262
-1.42846
-2.16726

1.13768
0.946621
-0.702041
-1.60416
0.961305
-0.749968
-1.55435
0.841467
0.666768
0.981271
0.278745
-0.97206
0.695942
0.0308451
-0.95807

-0.0718049
-0.495758
-1.36846
-3.00143
-0.527906
-1.59
-3.08918
1.33937
2.38401
1.63194
0.868928
0.955703
1.47142
0.449685
1.04348

-0.166727
0.171896
0.376739
0.624051
-0.516173
-0.829815
-1.18425
-0.251671
-0.34846
0.439107
1.28423
1.45813
-0.986836
-0.334984
0.264764

1.49847
1.19392
-0.156316
-2.35787
1.2206
-0.300975
-2.29934
1.0839
1.58315
0.843549
-0.519798
-1.72203
1.21478
-0.215682
-1.06635

-1.29885
-1.74985
-0.166001
-0.664678
-1.83129
-0.312211
-0.870339
0.349475
1.49484
0.42948
0.562414
1.29617
0.760493
0.435926
1.56442

0.0549539
0.478742
1.23298
1.1249
-0.345014
-1.40582
-1.71004
-0.0157451
-0.0124521
0.845178
1.63263
1.38343
-0.805605
-1.46474
-0.993408

1.24445
0.964714
-0.219895
-2.21446
0.98323
-0.43188
-2.28702
0.858179
1.25239
0.826277
-0.315636
-1.17507
0.821844
0.19516
-0.502284

-1.27454
-1.71748
-0.263837
-0.804829
-1.74586
-0.2555
-0.700535
0.272124
1.37959
0.587979
0.867877
1.86776
0.424605
0.151528
1.21113

0.151726
0.522124
1.37066
1.32038
-0.246703
-1.14077
-1.35577
0.0501052
0.0979552
0.835424
1.68715
1.86165
-0.778508
-2.13831
-2.23711

0.41005
0.356991
-0.33053
-0.294798
0.35918
-0.205443
0.031459
0.24976
0.342481
0.28874
0.559959
-0.252752
0.250089
-0.484617
-1.28057

0.172209
-0.2337
-1.6886
-3.24434
-0.226685
-1.85805
-3.30058
1.3952
2.30107
1.63937
0.59638
0.0316419
1.51091
1.0208
1.88436

0.162936
0.433647
0.560421
0.821667
-0.156221
-0.331566
-0.452529
0.061883
-0.028766
0.663509
1.09308
1.42573
-0.573786
-1.58982
-2.09019

0.285047
0.22363
-0.757512
-0.876062
0.214884
-0.353648
0.0807529
0.110083
0.00079294
-0.0421311
0.334994
-0.333652
0.312761
0.454525
0.345536

0.167988
-0.285315
-1.58268
-3.24915
-0.198448
-1.80984
-3.1295
1.41463
2.30831
1.72354
0.757609
-0.16985
1.47539
0.881819
1.69548

0.420869
0.645449
0.577177
0.446848
0.0414561
-0.663252
-1.35405
0.249101
0.0764161
0.832217
1.37
1.45459
-0.394824
-1.52219
-2.1798

0.529538
0.454701
-0.30507
-0.277693
0.449916
-0.368464
-0.293874
0.343524
0.494043
0.421715
0.510659
-0.309354
0.31523
-0.725763
-1.23911

0.123414
-0.31925
-1.78458
-3.43811
-0.255111
-1.76717
-3.21906
1.37806
2.31199
1.68987
0.699823
0.025602
1.43347
1.10564
2.0154

0.172425
0.413565
0.462216
0.458034
-0.193346
-0.71834
-1.2505
0.0198799
-0.144024
0.612796
1.26489
1.61559
-0.649562
-1.20726
-0.85637

0.136324
0.100296
-0.607617
-0.730497
0.103213
0.505494
1.41425
-0.0245969
-0.18841
0.0906041
0.400683
0.112589
-0.0996819
-0.174471
-1.03818

0.460612
-0.00083694
-1.66697
-3.46812
-0.00429694
-1.92256
-3.29787
1.85962
2.87521
2.13611
0.89438
-0.230212
1.99558
0.673454
-0.304106

-0.00282591
0.314288
0.313577
0.179926
-0.358723
-0.0740509
0.224016
-0.107933
-0.147363
0.57263
0.75196
1.04975
-0.832081
-0.966287
-0.916879

-0.0470619
-0.0846389
0.279604
1.55959
-0.0807309
-0.644534
-0.428744
-0.209675
-0.413634
-0.226317
0.0820761
0.0160801
-0.146945
0.27949
0.0654431

0.475891
0.0150299
-1.79604
-3.07421
0.00527591
-1.8951
-3.58009
1.88285
2.88806
2.1455
0.893752
-0.302375
2.03568
0.761158
-0.455375

0.0185339
0.341454
0.43124
0.528097
-0.334884
-0.242438
-0.244899
-0.081659
-0.156966
0.617962
0.796747
1.07004
-0.808102
-0.813978
-1.12115

0.190866
0.164382
-0.013452
0.635087
0.172295
-0.739959
-0.608033
0.040053
-0.109516
0.0698
0.197159
-0.322647
0.051233
0.365777
-0.093045

0.488525
0.04284
-1.80816
-3.53534
0.00147301
-1.75298
-3.42854
1.89596
2.91757
2.14877
0.879229
-0.227865
2.05882
0.759241
-0.439553

0.0235429
0.367293
0.265935
0.338166
-0.307233
-0.194558
-0.44138
-0.0486631
-0.0157431
0.653848
0.914754
1.11899
-0.775077
-0.859061
-1.04082

0.103107
0.0766571
0.0663281
0.77643
0.0854761
0.0312231
0.671213
-0.0429919
-0.248727
0.0495581
0.541785
0.261596
-0.103752
-0.51901
-1.74889

0.397095
-0.0298329
-1.79831
-3.41766
-0.0775709
-1.98512
-3.4773
1.75853
2.74306
1.99864
0.841751
-0.263073
1.92115
0.60588
0.782758

-0.033102
0.304555
0.442118
0.631858
-0.347583
-0.284497
-0.33689
-0.096088
-0.142829
0.579838
0.720664
0.93063
-0.795882
-0.955513
-0.617279

-0.0965399
-0.11219
0.0474561
0.78967
-0.103515
0.0608961
0.752651
-0.236591
-0.389239
-0.222427
0.0839131
-0.122603
-0.20679
0.111066
-0.355758

0.498466
0.059849
-1.75801
-3.39831
0.00946005
-1.96476
-3.47931
1.89979
2.9193
2.13781
0.891771
-0.275825
2.07433
0.764336
-0.378898

0.000796928
0.348847
0.42097
0.58694
-0.321187
-0.276409
-0.368602
-0.0626861
-0.0979431
0.639924
0.791775
1.03464
-0.781724
-0.8391
-1.07625

0.239186
0.195069
0.109131
0.838468
0.205231
0.248901
0.841354
0.0893001
0.0462711
0.111552
0.0368661
-1.13884
0.0809861
-0.771542
-1.13193

0.079862
-0.303463
-1.88341
-3.28126
-0.354665
-2.06897
-3.40648
1.31577
2.22628
1.50568
0.300685
0.296001
1.49478
1.7902
2.28899

-0.0328901
0.279034
0.49928
0.753223
-0.313733
0.0337219
0.302021
-0.0834491
-0.185211
0.543315
0.644352
0.525541
-0.710983
-1.61816
-0.636059

0.0327841
0.00266507
-0.0730249
0.33175
0.0167711
-0.310959
-0.287832
-0.0962659
-0.429794
-0.299589
0.218763
0.22599
0.100176
0.449894
0.118671

0.0673651
-0.276471
-1.78794
-3.12321
-0.359944
-1.94764
-3.30533
1.23491
2.0211
1.36005
0.390398
-0.738707
1.44966
2.06556
2.9502

-0.0365282
0.279461
0.548751
0.750299
-0.274123
0.100388
0.212739
-0.0527552
-0.0930621
0.529669
0.8201
1.03727
-0.598934
-1.7115
-1.51178

0.17703
0.141412
0.202999
1.15985
0.148847
-0.849474
-1.00304
0.0186919
-0.17347
-0.0791571
-0.251066
-1.2359
0.157319
0.78889
0.797065

0.423976
-0.0216199
-1.81076
-3.35369
-0.0564239
-1.75031
-3.42322
1.82081
2.82931
2.07947
0.828585
0.114551
1.97545
0.806216
-0.462338

0.053122
0.390572
0.246799
0.089058
-0.280089
-0.147095
-0.246372
-0.024113
-0.047378
0.664764
0.921791
0.696986
-0.734434
-0.641387
-0.942224

0.099391
0.033475
0.374843
1.50417
0.036192
-0.638322
-0.59181
-0.086118
-0.470958
-0.133076
0.350962
0.045413
-0.025579
0.441447
-0.940033

0.373547
-0.0839489
-1.84832
-3.25795
-0.0754509
-1.90692
-3.54457
1.74462
2.67864
2.0265
0.90752
-0.212806
1.87191
0.692658
0.63458

0.101421
0.405669
0.242813
0.150966
-0.257775
-0.256477
-0.487094
-0.012407
0.001233
0.658112
0.990058
1.19628
-0.725366
-0.777064
-1.23037

0.422047
0.394521
-0.311434
0.533135
0.400225
-0.277816
0.406573
0.286239
0.297764
0.302998
-0.852606
-0.727226
0.341521
-0.832076
-0.383864

-0.150814
-0.543527
-1.98744
-3.3855
-0.569775
-2.16381
-3.49431
1.07361
1.9832
1.28397
0.892012
1.90998
1.22247
1.40504
2.52489

0.0287261
0.321068
0.506087
0.632266
-0.265682
-0.0772629
0.0411331
-0.0427059
-0.103944
0.567273
0.555299
0.0316571
-0.665877
-0.921864
-0.606174

0.295069
0.247584
0.359917
1.27777
0.249469
-0.617861
-0.882704
0.127961
-0.032141
0.175176
0.538015
-0.158255
0.112818
-0.336228
-1.35659

0.334063
-0.116061
-1.88438
-3.4106
-0.108354
-1.84456
-3.4569
1.68276
2.64542
1.9456
0.736236
-0.000509865
1.81926
0.623687
1.03434

0.069184
0.368078
0.193101
-0.059629
-0.282181
-0.209267
-0.287016
-0.041888
-0.102946
0.621889
0.91496
1.35297
-0.742889
-1.01293
-0.781432

0.168659
0.132248
-0.485056
-0.296125
0.133692
0.0832879
0.914384
0.0120809
-0.217986
0.0281459
0.346568
0.00788694
0.0276669
0.0765469
-0.931999

0.397845
-0.049222
-1.67722
-3.38442
-0.042453
-1.93781
-3.31395
1.73925
2.69862
2.00625
0.824503
-0.289138
1.86872
0.661994
0.497034

0.17098
0.46861
0.423874
0.273624
-0.177489
-0.18638
-0.218442
0.061367
0.054063
0.725062
0.982694
1.3094
-0.640438
-1.13498
-2.11194

0.307223
0.239356
-0.681267
-0.986003
0.241753
0.455622
1.21354
0.121332
-0.173842
0.181527
0.524117
0.134631
0.077443
-0.246275
-1.40916

0.340812
-0.111532
-1.62707
-3.37299
-0.100127
-1.99254
-3.43922
1.69598
2.65332
1.96688
0.786772
-0.22297
1.82845
0.568491
1.02574

-0.00341286
0.294756
0.334733
0.17469
-0.359802
-0.0915839
0.147015
-0.11843
-0.130686
0.550146
0.854246
1.24278
-0.826478
-1.05625
-1.01173

0.303649
0.227781
0.0499941
0.628269
0.232384
-0.652662
-0.589832
0.112308
-0.245191
0.0868311
0.378512
0.0527931
0.155166
0.144392
-0.884396

0.34153
-0.10163
-1.83491
-3.50339
-0.102692
-1.8069
-3.39107
1.6879
2.62192
1.96055
0.815142
-0.308557
1.81666
0.528957
1.2765

0.116215
0.420974
0.241956
0.0188641
-0.22979
-0.21938
-0.367347
0.0127211
-0.00724294
0.679338
1.09187
1.45246
-0.690577
-0.872526
-1.64754

0.233133
0.189953
0.22216
0.965734
0.198905
-0.584807
-0.895685
0.069919
-0.073458
0.024988
-0.167795
-1.08774
0.148217
0.574312
0.182168

0.453149
0.0169171
-1.77524
-3.39975
-0.0258089
-1.80185
-3.45644
1.83634
2.84723
2.08963
0.848816
0.0835671
1.99247
0.735135
-0.444174

0.00231699
0.341697
0.280212
0.17506
-0.321938
-0.178945
-0.098822
-0.067009
-0.108962
0.621763
0.96641
1.1037
-0.77847
-0.825691
-1.11132

0.139421
0.089345
-0.182352
1.2275
0.088522
-0.519718
-0.266282
-0.036112
-0.25538
0.005333
0.314957
-0.014676
-0.042634
0.019982
-0.567911

0.45908
-0.017654
-1.813
-3.02273
0.00989205
-1.87146
-3.54632
1.86058
2.86523
2.15236
0.927486
-0.199913
1.98334
0.659057
-0.445955

0.118581
0.416121
0.448179
0.430193
-0.260051
-0.287442
-0.426169
-0.013996
-0.047823
0.674386
0.982845
1.26196
-0.75025
-1.06702
-1.47952

0.579635
0.474509
-0.82247
-1.26865
0.482521
-0.693591
-0.535007
0.36568
0.33823
0.373466
-0.448378
-1.29212
0.384709
1.03108
1.03039

-0.021206
-0.443528
-1.24713
-2.52654
-0.458217
-1.46833
-2.63163
1.30235
2.22321
1.58333
1.23951
1.73493
1.41402
0.267319
-0.968063

0.020239
0.327817
1.17938
2.36388
-0.310899
-1.26136
-2.04735
-0.070011
-0.289205
0.579142
1.4597
0.635522
-0.765073
-0.792735
-1.02904

1.2153
0.962062
-1.1988
-1.91879
0.98093
-1.34547
-1.53845
0.838393
0.86183
0.862142
0.976808
-0.425831
0.800425
0.205168
-1.27572

-0.227483
-0.728759
-0.869248
-2.99848
-0.768275
-0.286231
-2.33367
1.47328
2.75257
1.77659
0.196838
-0.281869
1.68502
0.168683
0.441044

-0.033044
0.375359
0.967525
1.02425
-0.456614
-0.925545
-0.613532
-0.135928
-0.214019
0.73377
1.15016
1.13643
-1.02849
-1.17964
-0.80069

1.38654
1.13455
-0.959205
-1.72237
1.14897
-1.1858
-1.45049
1.01172
0.767037
0.956366
-0.09278
-1.17256
1.05803
0.191026
-1.07102

-0.464188
-0.970255
-1.04546
-3.1235
-0.977428
-0.333547
-2.33974
1.20513
2.425
1.53599
0.801315
1.28071
1.38001
-0.0213529
0.647327

-0.055686
0.327291
1.05189
0.999356
-0.490991
-0.71188
-0.551862
-0.181906
-0.358985
0.660445
1.49373
0.764821
-1.06617
-1.19662
-0.683426

0.873097
0.66509
-1.10383
-1.46735
0.679022
-1.43364
-1.44518
0.555613
0.140499
0.353976
0.42097
-0.810272
0.749283
1.2423
0.580423

-0.195582
-0.641324
-1.05466
-2.95563
-0.66164
-0.449402
-2.22314
1.27786
2.30281
1.53908
0.246656
-0.0638549
1.46302
0.661147
0.754656

0.097097
0.443211
1.21294
1.35355
-0.277162
-0.142217
-0.035679
-0.00262302
-0.223658
0.725985
1.23965
1.13767
-0.751732
-1.93812
-2.83892

0.969708
0.77641
-1.07976
-1.41388
0.793444
-1.372
-1.17537
0.662925
0.561167
0.593641
0.713168
-0.497715
0.73828
0.0121249
-0.282149

-0.342095
-0.793144
-1.24948
-3.2061
-0.841018
-0.700339
-2.51729
1.17233
2.29832
1.41671
0.045771
-0.402174
1.38477
1.51225
2.22148

0.010167
0.380877
1.01607
1.11957
-0.354532
-0.51532
-0.307533
-0.069543
-0.186194
0.701815
1.09169
0.950136
-0.846969
-2.12524
-0.864993

1.13506
0.899842
-1.18885
-1.50836
0.915929
-1.43986
-1.12494
0.77485
0.630872
0.775403
0.888647
-0.443248
0.769505
0.226003
-1.31085

-0.108259
-0.616724
-1.21412
-3.42628
-0.641921
-0.349977
-2.40642
1.57202
2.82663
1.87042
0.310421
-0.0564009
1.78182
0.251437
0.207356

0.0305079
0.426386
0.938879
0.8333
-0.394424
-0.730307
-0.570715
-0.0813271
-0.136747
0.776425
1.09118
0.87149
-0.961708
-1.21012
-0.882821

0.0427029
0.0137039
-0.56202
-0.139327
0.0188959
0.0674719
1.4657
-0.112807
-0.229654
-0.0293271
0.265033
-0.248117
-0.153484
0.0321309
-0.430903

0.461283
0.00192213
-1.74522
-3.53811
-0.0197359
-2.0431
-3.03937
1.88183
2.92021
2.15343
0.906081
-0.178194
2.02895
0.700392
-0.490371

0.07653
0.410301
0.363587
0.202964
-0.271765
-0.364137
-0.449999
-0.014145
-0.00763701
0.684344
0.939772
1.20745
-0.749823
-0.902722
-1.12472

