0.202298
0.467974
0.0728881
0.496043
-0.131786
-0.00205387
0.222584
0.45473
0.235944
0.169676
0.471172
0.00296106
0.641584
-0.024443
0.0495849
0.182236
0.226828
0.0867379
0.319846
0.471197
0.0756031
1.19351
-0.854848
-0.00128886
-0.0393709
0.509492
0.00655187
0.246786
-0.201527
0.0152149
0.25084
-0.408284
0.00796607
0.028351
0.462376
0.0727791
1.12789
-0.378072
0.00671294
0.035004
0.474666
-0.0277981
-0.0482701
0.133029
-0.025082
0.184194
0.229295
0.0439751
0.256616
0.456097
0.152107
0.0970901
0.432867
0.048435
0.184739
0.25703
0.110065
0.212045
0.179923
-0.082905
-0.0264999
0.465691
-0.011591
0.100835
0.401015
-0.0326899
1.19227
-0.119232
-0.0634029
0.338512
0.335171
-0.0201909
-0.28996
0.373179
-0.0188361
0.043939
0.441002
0.152485
0.022566
0.46581
0.01676
0.335039
0.31334
-0.0346249
0.0332349
-0.302737
0.0299391
0.326963
0.183875
0.070734
0.14173
0.485554
-0.06182
0.214647
0.467912
0.118374
0.180549
0.334139
0.152315
0.169615
0.458158
0.068791
0.087261
0.245161
-0.0247739
0.329822
0.135536
-0.072997
0.160027
0.42986
-0.0341389
0.10277
0.361658
0.00950799
0.873151
0.138868
0.00210186
0.337124
0.313027
-0.0686
0.616166
0.162529
-0.276048
0.709634
-0.201177
0.0650419
0.1929
0.312373
-0.05558
0.404561
0.112707
-0.055587
0.233454
0.38746
-0.021166
0.18435
0.442129
-0.0539851
0.177463
0.416356
0.00150199
0.0879951
0.48215
0.073676
0.18435
0.244787
0.118467
0.223369
0.492099
0.00529293
0.17238
0.316087
0.0286099
0.512164
0.128288
0.077448
0.819333
-0.449664
0.0557832
0.740461
-0.153288
0.007294
0.601364
0.0273829
0.083283
0.206282
0.092217
0.00596092
0.18728
0.45875
0.172872
0.177716
0.445013
0.00139506
0.242482
0.247002
-0.173013
0.541297
0.200341
-0.0240669
0.224557
0.234155
0.218618
-0.023006
0.475642
-0.017829
0.728569
-0.0631689
-0.0476091
1.32338
-0.332698
-0.0538881
0.348443
0.366493
0.512105
0.105879
0.24317
0.0736519
0.14747
0.458681
-0.0118779
0.260301
0.431252
-0.081705
1.41727
-1.03158
0.060075
-0.0286701
0.237919
-0.271616
-0.116489
0.475064
-0.031496
0.377231
0.281456
-0.317965
0.305086
0.214774
0.0676201
0.0154341
0.475597
-0.00688499
-0.0531581
-0.264846
0.00465313
0.33075
0.150818
-0.0128039
0.0118399
0.444662
0.027106
0.149624
0.473971
0.0278919
0.78285
0.032361
-0.0361359
0.850122
0.095813
-0.000205934
0.248019
0.2426
-0.00145
0.170917
0.466384
-0.0159839
-0.0276241
0.464022
-0.0187359
0.0121319
0.461505
0.0531159
0.544254
0.34491
0.035159
0.497825
0.420572
0.01581
0.302012
0.477092
0.120706
0.0125719
0.486915
-0.030674
0.340499
0.217485
0.12768
0.287259
0.426018
0.064735
0.095099
0.476687
0.0224881
0.0281761
0.480252
0.0895871
-0.086004
0.239072
0.233783
-0.075002
-0.0853269
-0.00987105
0.362859
0.235122
-0.12912
-0.242222
0.352785
-0.016538
-0.040525
0.436554
-0.0574111
0.0740799
0.485847
0.124125
0.347716
0.328793
0.136864
1.13768
-0.0718049
-0.166727
1.49847
-1.29885
0.0549539
1.24445
-1.27454
0.151726
0.41005
0.172209
0.162936
0.285047
0.167988
0.420869
0.529538
0.123414
0.172425
0.136324
0.460612
-0.00282591
-0.0470619
0.475891
0.0185339
0.190866
0.488525
0.0235429
0.103107
0.397095
-0.033102
-0.0965399
0.498466
0.000796928
0.239186
0.079862
-0.0328901
0.0327841
0.0673651
-0.0365282
0.17703
0.423976
0.053122
0.099391
0.373547
0.101421
0.422047
-0.150814
0.0287261
0.295069
0.334063
0.069184
0.168659
0.397845
0.17098
0.307223
0.340812
-0.00341286
0.303649
0.34153
0.116215
0.233133
0.453149
0.00231699
0.139421
0.45908
0.118581
0.579635
-0.021206
0.020239
1.2153
-0.227483
-0.033044
1.38654
-0.464188
-0.055686
0.873097
-0.195582
0.097097
0.969708
-0.342095
0.010167
1.13506
-0.108259
0.0305079
0.0427029
0.461283
0.07653

0.162513
0.00520014
0.403786
0.349633
-0.583676
0.359323
0.185322
-0.0175289
0.530648
0.137709
-0.00113195
0.341064
0.438776
-0.44377
0.409334
0.174977
-0.20214
0.398965
0.272342
0.00853992
0.388358
1.0454
-1.31103
0.368663
-0.0670999
0.058138
0.351699
0.245018
-0.552614
0.281739
0.255324
-0.73607
0.265909
-0.00131901
0.00506214
0.400827
0.929901
-0.936849
0.431597
-0.010758
0.0292111
0.308759
-0.0225761
-0.255135
0.284426
0.156418
-0.202095
0.324537
0.212554
-0.00808993
0.446624
0.0558341
-0.0194529
0.389194
0.128619
-0.215712
0.435318
0.130234
-0.235407
0.244411
-0.0491859
0.016041
0.344425
0.081488
-0.044841
0.311688
0.973444
-0.496368
0.315302
0.283391
-0.123848
0.336457
-0.284908
-0.031537
0.305159
0.018411
-0.036438
0.458659
-0.00711
-0.0155391
0.337047
0.290692
-0.12473
0.29214
0.0353259
-0.647994
0.291109
0.300705
-0.233439
0.3499
0.097128
0.0343261
0.267079
0.183374
-0.00124498
0.426342
0.144201
-0.0801911
0.457976
0.133015
-0.016593
0.377958
0.082432
-0.15198
0.296232
0.291268
-0.244341
0.250709
0.129092
-0.0147461
0.301234
0.0853399
-0.104027
0.39179
0.737428
-0.35627
0.381902
0.308536
-0.170208
0.304689
0.5692
-0.305965
0.0617029
0.672306
-0.637291
0.414082
0.160117
-0.126731
0.282549
0.31223
-0.280078
0.312019
0.205038
-0.0499641
0.29961
0.154489
-0.000693976
0.299192
0.130201
-0.031798
0.340384
0.0612571
0.0220601
0.415609
0.155685
-0.224166
0.45778
0.178979
0.0325152
0.332555
0.132516
-0.143535
0.360563
0.412259
-0.290016
0.35288
0.736685
-0.868062
0.376698
0.697855
-0.545031
0.298285
0.511191
-0.414808
0.402818
0.193442
-0.310702
0.301689
0.142939
-0.00967895
0.480688
0.142327
-0.0155979
0.323871
0.220105
-0.143488
0.109991
0.502937
-0.204932
0.27842
0.193989
-0.167217
0.506956
-0.041654
0.026886
0.323972
0.674408
-0.529386
0.290552
1.17535
-0.831953
0.34349
0.265818
-0.141624
0.749856
0.0797091
-0.223506
0.395714
0.103731
0.0103179
0.358591
0.215442
-0.028333
0.250627
1.19846
-1.53486
0.50269
-0.0626971
-0.192201
0.04626
-0.13817
0.0253789
0.305152
0.319335
-0.127807
0.0877721
0.262413
-0.301142
0.391567
-0.00782187
0.0291361
0.334087
-0.0318451
-0.617171
0.281748
0.288898
-0.263724
0.280948
-0.0108901
-0.033557
0.353501
0.120517
0.0306279
0.37769
0.577595
-0.35201
0.312517
0.677288
-0.348284
0.351198
0.215698
-0.189712
0.317399
0.139092
0.0235809
0.339618
-0.0474171
0.0222791
0.354707
-0.0256501
0.00772008
0.384958
0.348777
-0.0888028
0.392511
0.43374
-0.0382121
0.340568
0.253034
0.019199
0.456895
-0.0252341
0.046013
0.328074
0.278721
-0.268696
0.48173
0.224765
-0.0116301
0.397566
0.056026
0.0173439
0.337466
0.00683007
0.0243999
0.406409
-0.106783
-0.191708
0.542132
-0.070823
-0.433814
0.251804
0.316913
-0.193653
0.168682
-0.264045
-0.0758479
0.287887
-0.060548
-0.0102259
0.286654
0.0424199
0.0204461
0.447933
0.286945
-0.0820581
0.465239
0.946621
-0.495758
0.171896
1.19392
-1.74985
0.478742
0.964714
-1.71748
0.522124
0.356991
-0.2337
0.433647
0.22363
-0.285315
0.645449
0.454701
-0.31925
0.413565
0.100296
-0.00083694
0.314288
-0.0846389
0.0150299
0.341454
0.164382
0.04284
0.367293
0.0766571
-0.0298329
0.304555
-0.11219
0.059849
0.348847
0.195069
-0.303463
0.279034
0.00266507
-0.276471
0.279461
0.141412
-0.0216199
0.390572
0.033475
-0.0839489
0.405669
0.394521
-0.543527
0.321068
0.247584
-0.116061
0.368078
0.132248
-0.049222
0.46861
0.239356
-0.111532
0.294756
0.227781
-0.10163
0.420974
0.189953
0.0169171
0.341697
0.089345
-0.017654
0.416121
0.474509
-0.443528
0.327817
0.962062
-0.728759
0.375359
1.13455
-0.970255
0.327291
0.66509
-0.641324
0.443211
0.77641
-0.793144
0.380877
0.899842
-0.616724
0.426386
0.0137039
0.00192213
0.410301

-0.633245
-1.62636
0.271004
-1.57789
-0.44626
0.350914
-0.60944
-1.65182
0.487714
-0.725221
-1.68767
0.4508
-0.157521
-2.267
0.740498
-0.0994001
-1.87361
0.525231
-0.551251
-1.60836
0.349557
-0.784964
-0.746808
0.689555
-0.159765
-1.78685
0.348477
0.287832
-1.9776
0.376774
-0.002355
-2.06046
0.358589
0.429051
-1.76884
0.241432
-1.20926
0.185094
0.449045
-0.515293
-1.73231
0.455834
0.179218
-1.83634
0.404051
0.04375
-1.88087
0.249688
-0.681004
-1.53657
0.388679
0.0676371
-1.84875
0.283676
-0.0974371
-2.07818
0.405339
-1.25821
-1.26368
0.393834
-0.767509
-1.68937
0.398615
-0.375044
-1.82255
0.387229
-0.537204
-1.28654
1.11493
-1.23549
-1.29219
0.541001
-0.172096
-1.71093
0.444151
-0.366652
-1.8407
0.440914
-0.388682
-1.86023
0.487673
-0.197954
-1.83046
0.476432
-0.147727
-2.02206
0.426555
0.127506
-1.83822
0.281045
-0.288035
-1.71912
0.61583
-0.669295
-1.6054
0.333518
0.233257
-1.77553
0.543833
-0.617788
-1.69666
0.340052
0.152498
-1.79589
0.510578
-0.199427
-1.74207
0.561969
-0.770887
-1.56997
0.418334
-0.469707
-1.96106
0.357283
-1.29661
-0.802188
0.520256
-0.775019
-1.85832
0.243825
-0.752114
-1.66347
0.312221
-1.19803
-0.740883
0.522283
-0.279611
-1.84994
0.60733
0.26649
-1.82191
1.20231
0.12154
-1.79882
0.396036
-0.269649
-1.79821
0.409237
-1.22314
-1.29945
0.36419
-0.488436
-1.74724
0.325111
-0.139947
-2.05153
0.193594
-0.073117
-1.79193
0.359935
-0.819317
-1.72544
0.450294
-0.523991
-1.62755
0.928754
-0.942739
-1.44999
0.480956
-0.370865
-1.79672
0.458793
-1.24476
-0.915783
0.374769
0.248254
-1.92422
0.374748
-0.430772
-1.75244
0.336987
-0.634401
-1.65469
0.288252
-0.079295
-1.66104
0.421787
0.191731
-1.82752
0.409593
0.0983289
-1.75317
0.731888
0.016136
-1.79316
0.479745
0.135677
-2.31606
0.428549
-1.00917
-0.755699
0.430368
-0.239268
-1.78828
0.065222
-1.05103
-1.65411
0.247048
-0.402312
-1.79778
0.301704
-0.85516
-1.53276
0.517392
-0.691113
-0.125937
0.639591
-0.753701
-1.76806
0.028213
-0.204602
-1.77746
0.536278
-0.869343
-1.53192
0.546237
-1.08814
-1.77302
0.485136
-0.228163
-1.77123
0.516079
-0.0266041
-2.06909
0.334507
0.0566289
-1.89278
0.301015
-0.184282
-1.89109
0.409203
0.209185
-1.7772
0.201279
-0.791593
-1.48804
0.675065
-0.776357
-1.61383
0.619723
0.211864
-1.93084
0.411543
-0.226916
-1.78085
0.254061
-0.593412
-1.76533
0.3687
0.522225
-1.74906
0.28487
-1.14724
-1.3252
0.611945
-0.605068
-1.55318
0.521739
-0.0650089
-1.79457
0.392958
-0.57367
-1.71336
0.409002
-1.10984
-1.6947
0.341749
0.294456
-1.80593
0.281615
-0.663858
-1.65283
0.29806
0.313306
-1.76582
0.284633
0.051749
-1.869
0.652833
-0.084419
-1.80674
0.47703
-0.187516
-1.80232
0.252072
-0.514926
-1.76731
0.385627
-0.790349
-1.67052
0.426616
-0.239406
-1.79578
0.238117
-0.246203
-1.72651
0.766427
-0.702041
-1.36846
0.376739
-0.156316
-0.166001
1.23298
-0.219895
-0.263837
1.37066
-0.33053
-1.6886
0.560421
-0.757512
-1.58268
0.577177
-0.30507
-1.78458
0.462216
-0.607617
-1.66697
0.313577
0.279604
-1.79604
0.43124
-0.013452
-1.80816
0.265935
0.0663281
-1.79831
0.442118
0.0474561
-1.75801
0.42097
0.109131
-1.88341
0.49928
-0.0730249
-1.78794
0.548751
0.202999
-1.81076
0.246799
0.374843
-1.84832
0.242813
-0.311434
-1.98744
0.506087
0.359917
-1.88438
0.193101
-0.485056
-1.67722
0.423874
-0.681267
-1.62707
0.334733
0.0499941
-1.83491
0.241956
0.22216
-1.77524
0.280212
-0.182352
-1.813
0.448179
-0.82247
-1.24713
1.17938
-1.1988
-0.869248
0.967525
-0.959205
-1.04546
1.05189
-1.10383
-1.05466
1.21294
-1.07976
-1.24948
1.01607
-1.18885
-1.21412
0.938879
-0.56202
-1.74522
0.363587

0.0311561
-3.36659
0.273876
-2.55225
-2.13009
0.51647
0.105868
-3.29383
0.122211
0.404884
-3.25895
0.478984
0.79328
-3.92715
0.998801
0.54056
-3.46431
0.670545
-0.575793
-3.43897
0.327466
-1.15627
-2.69216
0.736623
0.623834
-3.46603
0.362506
1.04374
-3.18872
0.53989
-0.821063
-3.06537
0.475169
1.58891
-3.1713
0.0968741
-2.58593
-1.69797
0.542949
0.04155
-3.47069
0.66234
0.930429
-3.2338
0.622337
0.676923
-3.45592
0.115913
-0.96494
-3.33507
0.171598
1.25072
-3.27573
0.222421
1.45559
-3.11509
0.527745
-1.21169
-2.94436
0.610502
-0.407167
-3.51521
0.358704
0.40802
-3.50094
0.409205
-1.16715
-2.79533
2.04361
-0.025121
-2.78673
0.657513
0.690591
-3.1761
0.679203
1.15529
-2.95301
0.342606
1.1724
-2.96022
0.389112
0.232942
-3.52943
0.788419
-0.590689
-3.29633
0.640926
0.601139
-3.39747
0.255476
0.251822
-3.40585
1.13852
-0.611805
-3.4184
0.109158
0.987269
-3.29173
0.492695
0.131052
-3.40382
0.052328
0.863766
-3.26873
0.838633
0.16655
-3.23258
1.07599
-1.00943
-3.35771
0.5935
0.359571
-3.71608
0.309037
-1.67602
-2.83891
0.618674
-0.278532
-3.80061
0.220786
-1.04445
-3.50254
0.708731
-0.303139
-2.2321
0.328229
0.329887
-3.48518
1.06869
1.24031
-3.09303
1.9999
0.849758
-3.39244
0.527164
0.546474
-3.45866
0.505106
-1.37566
-3.13676
0.391981
0.145556
-3.49447
0.136604
0.938055
-3.59971
-0.088512
0.54852
-3.51093
0.451298
-0.466001
-3.52423
0.376203
-0.0987889
-3.21618
1.15647
-1.0889
-3.1691
0.604574
-0.123944
-3.36022
0.575233
-1.37695
-2.69026
0.652264
1.21392
-3.25449
0.43635
-0.0205311
-3.48448
0.14316
-0.8122
-3.45673
0.139272
0.391056
-3.06299
0.874091
0.754883
-3.35545
0.613724
1.00845
-3.08373
0.872546
0.908398
-3.37274
0.744525
0.361008
-4.14606
0.542925
-1.58058
-2.70858
0.737245
0.258668
-3.2722
-0.84433
-0.842337
-3.46383
-0.0113971
0.258678
-3.55994
0.147529
-0.88803
-3.35861
0.882817
-1.39031
-2.26664
0.769432
-0.487056
-3.39982
0.531215
0.619887
-3.35143
0.950453
-0.482027
-3.28772
0.94022
0.676113
-2.85643
0.362161
0.707825
-3.33133
0.831837
-1.14512
-3.201
0.495977
0.807329
-3.31794
-0.0884069
1.3647
-2.97656
0.331548
0.985023
-3.44257
0.00722886
-0.475516
-3.24121
0.802662
-0.277928
-3.48355
0.6023
0.848201
-3.5363
0.596198
0.498972
-3.48294
0.152913
-0.139566
-3.585
0.273135
1.70025
-3.14101
0.194936
-1.02638
-3.22709
0.675341
-0.494991
-3.40421
0.685083
0.684191
-3.48015
0.289968
-0.234657
-3.53593
0.372535
-0.272105
-3.46226
0.085765
0.955828
-3.48001
0.20881
-1.14784
-3.41864
0.238765
1.24307
-3.31714
0.365176
0.890122
-3.24496
0.226594
0.696994
-2.97816
0.720126
0.278292
-3.42743
0.431852
0.0480179
-3.34487
0.563101
-0.502702
-3.49954
0.407788
0.312888
-3.54322
-0.0916049
0.175338
-3.3872
1.17712
-1.60416
-3.00143
0.624051
-2.35787
-0.664678
1.1249
-2.21446
-0.804829
1.32038
-0.294798
-3.24434
0.821667
-0.876062
-3.24915
0.446848
-0.277693
-3.43811
0.458034
-0.730497
-3.46812
0.179926
1.55959
-3.07421
0.528097
0.635087
-3.53534
0.338166
0.77643
-3.41766
0.631858
0.78967
-3.39831
0.58694
0.838468
-3.28126
0.753223
0.33175
-3.12321
0.750299
1.15985
-3.35369
0.089058
1.50417
-3.25795
0.150966
0.533135
-3.3855
0.632266
1.27777
-3.4106
-0.059629
-0.296125
-3.38442
0.273624
-0.986003
-3.37299
0.17469
0.628269
-3.50339
0.0188641
0.965734
-3.39975
0.17506
1.2275
-3.02273
0.430193
-1.26865
-2.52654
2.36388
-1.91879
-2.99848
1.02425
-1.72237
-3.1235
0.999356
-1.46735
-2.95563
1.35355
-1.41388
-3.2061
1.11957
-1.50836
-3.42628
0.8333
-0.139327
-3.53811
0.202964

0.16755
-0.0114499
-0.279288
0.364009
-0.628726
-0.355486
0.183889
0.00959108
-0.138774
0.142446
-0.0184289
-0.356432
0.457383
-0.500426
-0.293507
0.17897
-0.223311
-0.236836
0.274993
0.0109689
-0.284206
1.0607
-1.36178
-0.35604
-0.0595219
0.019703
-0.329713
0.249636
-0.580741
-0.246398
0.2606
-0.771125
-0.23368
0.00330699
-0.0124169
-0.274899
0.944731
-0.965335
-0.442622
-0.00294902
-0.00459791
-0.361691
-0.0167721
-0.300628
-0.309149
0.156506
-0.189335
-0.294149
0.212275
0.0134421
-0.2143
0.0633491
-0.0527539
-0.29083
0.1325
-0.218666
-0.25641
0.141119
-0.278444
-0.39537
-0.0400619
-0.034845
-0.341967
0.089098
-0.086549
-0.363276
0.999563
-0.602639
-0.366141
0.293091
-0.167671
-0.363886
-0.277524
-0.080696
-0.315084
0.017701
-0.018466
-0.221861
-0.005947
-0.00900406
-0.357169
0.297755
-0.154006
-0.364096
0.0394569
-0.674283
-0.228542
0.301954
-0.229196
-0.252957
0.10314
0.0124921
-0.404574
0.184019
0.00934702
-0.247404
0.150089
-0.104407
-0.160409
0.133507
-0.00299199
-0.302767
0.090685
-0.20356
-0.313842
0.303259
-0.310123
-0.345838
0.136109
-0.0483081
-0.366621
0.0966619
-0.171472
-0.325485
0.749972
-0.391653
-0.384577
0.317315
-0.216327
-0.425521
0.575142
-0.326105
-0.630545
0.682498
-0.690546
-0.254476
0.168115
-0.166441
-0.382303
0.331658
-0.379378
-0.335141
0.210491
-0.0737351
-0.351379
0.164201
-0.053189
-0.379059
0.138209
-0.066432
-0.333868
0.0675061
-0.00762489
-0.272011
0.160796
-0.245261
-0.236775
0.183916
0.0180392
-0.346414
0.137947
-0.162866
-0.32081
0.415726
-0.275221
-0.259765
0.746374
-0.902412
-0.261656
0.704167
-0.570075
-0.287431
0.518597
-0.430405
-0.259556
0.197849
-0.333019
-0.297454
0.144205
0.00148905
-0.193116
0.146105
-0.0252049
-0.351574
0.22429
-0.161137
-0.469366
0.509349
-0.232094
-0.328833
0.198328
-0.182908
-0.0866719
-0.034727
-0.010307
-0.351925
0.680849
-0.550491
-0.401545
1.19053
-0.881613
-0.441492
0.254414
-0.028198
0.079477
0.0824011
-0.228803
-0.284821
0.116057
-0.0553641
-0.338136
0.22114
-0.047818
-0.431704
1.22183
-1.61869
-0.340272
-0.0567001
-0.217821
-0.596023
-0.131939
-0.00599105
-0.368414
0.341314
-0.255957
-0.595712
0.261301
-0.273852
-0.340317
-0.000552871
-0.00886393
-0.33914
-0.0268591
-0.655656
-0.252395
0.293237
-0.275312
-0.330455
-0.00886007
-0.035464
-0.341315
0.129697
-0.0184941
-0.298314
0.597679
-0.419356
-0.354729
0.691209
-0.38123
-0.361868
0.221583
-0.215089
-0.327103
0.149273
-0.0315401
-0.340306
-0.0351401
-0.0513419
-0.335562
-0.0197561
-0.0156529
-0.290472
0.365507
-0.134069
-0.318625
0.439362
-0.0502071
-0.336322
0.259631
-0.00500799
-0.226811
-0.0141541
-0.013088
-0.352567
0.285725
-0.291078
-0.243492
0.233462
-0.0457921
-0.265091
0.05895
0.0149069
-0.332515
0.00959607
0.0167599
-0.259525
-0.102865
-0.20773
-0.0936439
-0.066918
-0.459108
-0.269818
0.320743
-0.199903
-0.458355
-0.260394
-0.0895749
-0.342506
-0.053011
-0.0511819
-0.388727
0.0457199
0.0128241
-0.233291
0.297628
-0.130777
-0.166776
0.961305
-0.527906
-0.516173
1.2206
-1.83129
-0.345014
0.98323
-1.74586
-0.246703
0.35918
-0.226685
-0.156221
0.214884
-0.198448
0.0414561
0.449916
-0.255111
-0.193346
0.103213
-0.00429694
-0.358723
-0.0807309
0.00527591
-0.334884
0.172295
0.00147301
-0.307233
0.0854761
-0.0775709
-0.347583
-0.103515
0.00946005
-0.321187
0.205231
-0.354665
-0.313733
0.0167711
-0.359944
-0.274123
0.148847
-0.0564239
-0.280089
0.036192
-0.0754509
-0.257775
0.400225
-0.569775
-0.265682
0.249469
-0.108354
-0.282181
0.133692
-0.042453
-0.177489
0.241753
-0.100127
-0.359802
0.232384
-0.102692
-0.22979
0.198905
-0.0258089
-0.321938
0.088522
0.00989205
-0.260051
0.482521
-0.458217
-0.310899
0.98093
-0.768275
-0.456614
1.14897
-0.977428
-0.490991
0.679022
-0.66164
-0.277162
0.793444
-0.841018
-0.354532
0.915929
-0.641921
-0.394424
0.0188959
-0.0197359
-0.271765

-0.362767
-1.97356
-0.500977
-1.74018
-0.596131
-0.291908
-0.332621
-1.86624
-0.313829
-0.406107
-1.97448
-0.0752859
-1.64641
0.010873
-0.585253
-0.0366021
-2.0705
-0.401882
-0.002076
-1.93997
-0.176218
-1.03426
-0.840839
-0.497706
-0.20898
-1.97563
-0.271653
0.34332
-2.13168
-0.20214
-0.094101
-2.19915
-0.19201
-0.7378
-1.84676
-0.165979
-1.44852
0.0897071
-0.408453
-0.561607
-1.89691
-0.21386
0.171738
-2.03964
-0.243334
-0.142922
-1.99519
-0.403943
0.126966
-1.9435
-0.158007
-1.18097
-1.64318
-0.09593
-1.11015
-1.83966
-0.259163
-1.27295
-1.55987
-0.213506
0.142844
-2.0262
-0.195166
-0.203229
-2.0489
-0.133781
-0.791448
-1.56051
-0.14898
-0.753951
-1.95974
-0.335831
-0.127147
-1.91551
-0.200375
-0.593219
-1.92574
-0.326095
-0.51577
-1.96763
-0.162994
-0.162317
-2.03302
-0.386998
-0.195653
-2.18265
-0.252696
-0.039182
-1.9547
-0.397239
-0.288736
-1.92141
-0.33947
-0.007822
-1.95148
-0.113146
-0.25044
-1.87451
-0.134205
-0.332337
-1.95412
-0.20665
0.154649
-1.99599
-0.174989
-0.011888
-2.03048
-0.150419
0.273207
-1.97456
-0.00756492
-0.957325
-2.01327
-0.404634
-1.47895
-0.954121
-0.344567
-1.62045
-1.43446
0.00448798
-1.06704
-1.4778
-0.260332
-0.100904
-2.52967
-0.176669
-0.140352
-2.10556
-0.373311
-1.06989
-1.5935
-0.856834
0.182771
-1.97932
-0.29389
-0.485137
-1.93862
-0.164531
0.0899971
-2.08677
-0.219965
-0.377702
-2.00655
-0.28642
-1.1411
-1.81162
-0.063417
-0.13184
-1.94363
-0.435288
-0.072939
-2.16173
-0.256059
-0.552329
-1.82184
-0.373762
-1.00482
-1.70213
-0.264561
-0.434255
-1.94995
-0.20133
0.374845
-2.36822
-0.488335
0.168097
-2.08689
-0.272614
-0.548525
-1.83074
-0.31027
0.371469
-1.97452
-0.0745589
0.013936
-1.85814
-0.558998
0.189645
-2.00684
-0.257416
-0.248575
-1.86222
-0.0902399
0.077882
-1.99681
-0.268444
-1.4872
-0.758509
-0.205736
-1.18237
-1.0458
-0.281894
-0.94383
-1.59219
-0.201161
0.155832
-2.23041
-0.192138
-0.727601
-1.94036
-0.173495
0.149005
-2.04739
-0.320812
-0.845089
-0.294785
-0.938225
-0.0471421
-2.0874
-0.47667
-0.18063
-1.97929
-0.30605
-0.615781
-1.96448
0.0768101
-0.964893
-2.01678
-0.120334
-0.263503
-1.98586
-0.30119
-0.0466291
-2.23415
-0.194405
-0.508416
-1.88197
-0.412864
-0.854015
-1.87354
-0.094802
-0.704967
-1.78944
-0.0471971
-0.797264
-1.79798
-0.492383
-0.843264
-1.82141
-0.486668
0.20392
-2.11011
-0.275168
-0.631133
-1.86073
-0.115886
0.0411529
-2.09284
-0.248438
-0.752976
-1.8422
-0.106983
-1.1844
-1.55071
-0.5793
-0.553201
-1.80712
-0.318401
-0.530694
-1.84928
-0.168246
-0.00385306
-2.02457
-0.177808
-0.756155
-2.1864
-0.284544
-0.757448
-1.73092
-0.164705
0.510312
-1.88568
-0.0459029
-0.674852
-1.82071
-0.294862
-0.68636
-1.90841
0.229287
-0.064975
-1.98516
-0.258885
0.0557071
-2.02005
-0.552127
-0.478189
-1.92607
-0.283429
0.658184
-1.90827
-0.109348
-0.312464
-1.96444
-0.293085
-0.20803
-1.91359
-0.00465794
-0.749968
-1.59
-0.829815
-0.300975
-0.312211
-1.40582
-0.43188
-0.2555
-1.14077
-0.205443
-1.85805
-0.331566
-0.353648
-1.80984
-0.663252
-0.368464
-1.76717
-0.71834
0.505494
-1.92256
-0.0740509
-0.644534
-1.8951
-0.242438
-0.739959
-1.75298
-0.194558
0.0312231
-1.98512
-0.284497
0.0608961
-1.96476
-0.276409
0.248901
-2.06897
0.0337219
-0.310959
-1.94764
0.100388
-0.849474
-1.75031
-0.147095
-0.638322
-1.90692
-0.256477
-0.277816
-2.16381
-0.0772629
-0.617861
-1.84456
-0.209267
0.0832879
-1.93781
-0.18638
0.455622
-1.99254
-0.0915839
-0.652662
-1.8069
-0.21938
-0.584807
-1.80185
-0.178945
-0.519718
-1.87146
-0.287442
-0.693591
-1.46833
-1.26136
-1.34547
-0.286231
-0.925545
-1.1858
-0.333547
-0.71188
-1.43364
-0.449402
-0.142217
-1.372
-0.700339
-0.51532
-1.43986
-0.349977
-0.730307
0.0674719
-2.0431
-0.364137

0.146434
-3.56887
-0.964081
-2.52886
-2.19974
-0.262944
0.197595
-3.44347
-0.565869
0.283292
-3.58643
0.113382
-2.29345
-1.26858
-0.612658
0.770871
-3.44982
-0.590405
0.544439
-3.54816
-0.115489
-1.1659
-2.66235
-0.345082
0.511559
-3.52382
-0.351052
1.06637
-3.23901
-0.270794
-0.894236
-3.10799
-0.272483
-0.713079
-3.52082
-0.25203
-2.60387
-1.68718
-0.474975
0.05634
-3.46804
-0.13976
0.837132
-3.36324
-0.337458
0.332005
-3.44973
-0.629198
0.64132
-3.54818
-0.12314
-1.01277
-3.34967
-0.211658
-1.00657
-3.54385
-0.55255
-1.29571
-3.17629
-0.08877
1.47101
-3.10717
-0.082734
0.542167
-3.59257
-0.0624359
-1.84244
-2.94762
0.136915
-0.462046
-3.71025
-0.402992
0.684662
-3.25261
-0.160101
-0.10291
-3.54252
-0.647802
-0.008448
-3.63538
-0.068381
0.274689
-3.62143
-0.512454
-0.62596
-3.36157
-0.418412
0.361564
-3.3895
-0.65128
0.303367
-3.4956
-0.334947
0.696308
-3.48787
-0.00122406
0.021129
-3.40686
-0.337743
0.462249
-3.42568
-0.162817
0.707589
-3.42401
-0.213195
0.53174
-3.41259
0.0364879
1.12183
-3.37474
0.25101
1.10267
-2.58608
-0.236808
-1.78933
-2.84541
-0.363251
-0.0315311
-2.6539
-0.122672
-0.942928
-3.18547
0.218864
0.0392801
-4.16275
-0.167442
0.657119
-3.57111
-0.40978
-0.833033
-3.18178
-0.694403
0.839908
-3.4712
-0.324485
0.59914
-3.2608
0.00658694
0.821691
-3.58676
-0.14228
0.73962
-3.30637
-0.475998
-0.636282
-3.3913
-0.344274
0.386262
-3.54475
-0.681138
1.05936
-3.41399
-0.283292
0.0298531
-3.23215
-0.711227
-1.05245
-3.24797
-0.23934
-0.108304
-3.36081
-0.181701
1.52408
-3.5668
-0.595835
1.04553
-3.34023
-0.45612
0.0833149
-3.31884
-0.818595
1.30939
-3.33367
0.200768
0.58203
-3.13822
-0.650885
0.724408
-3.41852
-0.293361
0.349752
-3.2195
-0.257802
0.97562
-3.43114
-0.343195
-0.746696
-2.29078
-0.0259571
-1.65104
-2.8619
-0.235268
-0.939507
-3.19324
-0.804704
1.37732
-3.38917
-0.0568561
0.596328
-3.20386
-0.149085
1.22185
-3.39807
-0.306443
-1.10814
-2.35491
-0.627952
0.850062
-3.32596
0.038535
0.687009
-3.41287
-0.457938
0.449337
-3.1532
0.918632
-0.19159
-3.73781
-0.145956
0.51182
-3.45092
-0.45639
-1.08415
-3.24091
-0.350086
-0.312111
-3.28701
-0.94687
-0.311999
-3.52297
-0.026253
-0.992569
-3.45598
0.0559709
-0.523582
-3.41765
-0.27602
-0.415564
-3.55458
-0.413377
0.781183
-3.60307
-0.33306
-0.0268961
-3.49282
-0.162301
1.54844
-2.98675
-0.198957
-0.71179
-3.52084
-0.0971471
-1.01443
-3.2647
-0.723858
-0.361858
-3.51693
-0.442049
-0.337449
-3.5643
-0.325231
1.20175
-3.19201
-0.032036
0.629896
-3.33017
-0.416438
-1.35111
-3.38328
-0.163272
1.2215
-3.42021
0.155986
-0.771798
-3.45628
-0.631349
-0.447076
-3.44478
-0.0305079
0.674909
-3.07975
-0.341852
0.643663
-3.46792
-0.652781
0.0580359
-3.39732
-0.354355
1.86555
-3.09759
0.0842099
0.562472
-3.39428
-0.590693
0.121001
-3.47293
0.0525791
-1.55435
-3.08918
-1.18425
-2.29934
-0.870339
-1.71004
-2.28702
-0.700535
-1.35577
0.031459
-3.30058
-0.452529
0.0807529
-3.1295
-1.35405
-0.293874
-3.21906
-1.2505
1.41425
-3.29787
0.224016
-0.428744
-3.58009
-0.244899
-0.608033
-3.42854
-0.44138
0.671213
-3.4773
-0.33689
0.752651
-3.47931
-0.368602
0.841354
-3.40648
0.302021
-0.287832
-3.30533
0.212739
-1.00304
-3.42322
-0.246372
-0.59181
-3.54457
-0.487094
0.406573
-3.49431
0.0411331
-0.882704
-3.4569
-0.287016
0.914384
-3.31395
-0.218442
1.21354
-3.43922
0.147015
-0.589832
-3.39107
-0.367347
-0.895685
-3.45644
-0.098822
-0.266282
-3.54632
-0.426169
-0.535007
-2.63163
-2.04735
-1.53845
-2.33367
-0.613532
-1.45049
-2.33974
-0.551862
-1.44518
-2.22314
-0.035679
-1.17537
-2.51729
-0.307533
-1.12494
-2.40642
-0.570715
1.4657
-3.03937
-0.449999

0.0368011
1.8897
-0.0222579
0.233172
1.35007
-0.0798249
0.0596119
1.84313
0.104797
0.00838307
1.92264
-0.0939009
0.333739
1.41746
-0.0183321
0.0547059
1.55193
0.00338494
0.148695
1.86734
-0.0346049
0.927976
0.64265
-0.0753439
-0.192797
1.93164
-0.0691871
0.145181
0.900741
-0.0448321
0.160826
0.633109
-0.0412679
-0.126674
1.86798
-0.0203959
0.79186
1.3887
-0.108452
-0.132324
1.87129
-0.105977
-0.13763
1.37868
-0.080237
0.040124
1.51351
-0.0666529
0.089664
1.82607
0.027248
-0.0681439
1.84962
-0.031678
0.00256793
1.6941
0.00135592
0.0196249
1.51108
-0.148891
-0.175876
1.90093
-0.077282
-0.04381
1.81045
-0.104546
0.876367
1.29272
-0.0892189
0.157695
1.79626
-0.0950569
-0.402307
1.67217
-0.0753861
-0.110449
1.85449
0.0274901
-0.137386
1.90774
-0.100448
0.171433
1.67985
-0.114539
-0.0631011
0.777859
-0.0302599
0.187727
1.43603
-0.02974
-0.025374
1.88254
-0.150657
0.05692
1.86779
0.000879936
0.031282
1.61793
0.074273
0.00576
1.87145
-0.052413
-0.031676
1.52233
-0.0774379
0.184635
1.38429
-0.111533
0.00608407
1.8233
-0.112071
-0.0472451
1.86517
-0.046366
0.60935
1.72469
-0.0916361
0.173685
1.84029
-0.145581
0.442562
1.60568
-0.369577
0.550867
1.19731
0.00406293
0.0383368
1.69931
-0.127618
0.203915
1.47305
-0.075268
0.0845639
1.74324
-0.104902
0.0303611
1.85986
-0.117026
0.00806414
1.82147
-0.076619
-0.0661849
1.91537
-0.010819
0.026647
1.6916
0.025331
0.054784
1.9017
-0.0911021
0.007424
1.73326
-0.0638121
0.306625
1.38908
-0.034009
0.626296
0.873494
-0.0172008
0.591611
1.06735
-0.064969
0.395932
1.40061
-0.009867
0.08094
1.34115
-0.0706091
0.0181879
1.8565
0.055196
0.017201
1.84996
-0.0987179
0.112337
1.45364
-0.250686
0.392253
1.46518
-0.0979089
0.0845139
1.46772
0.137052
-0.167467
1.88654
-0.09373
0.548903
1.37791
-0.140288
1.04585
1.29485
-0.138873
0.140653
1.7485
0.306737
-0.0478969
1.66047
-0.0310431
-0.0215231
1.91556
-0.0665999
0.0907921
1.85022
-0.174275
1.06944
0.709181
-0.00790699
-0.180556
1.57358
-0.352295
-0.263377
1.87892
-0.112118
0.200924
1.72754
-0.317408
0.125278
1.7333
-0.0736129
-0.13251
1.8806
-0.081746
-0.135023
0.851303
-0.0467359
0.177132
1.42088
-0.100877
-0.141672
1.88921
-0.082784
-0.003437
1.88617
-0.0377541
0.480719
1.39777
-0.0902179
0.564932
1.56164
-0.0881989
0.0969669
1.5856
-0.082758
0.0151329
1.88625
-0.0770539
-0.174177
1.91295
-0.0652179
-0.14968
1.86741
-0.0349301
0.240411
1.80506
-0.042911
0.312061
1.82646
-0.082302
0.128861
1.89965
0.0320431
-0.148579
1.91117
-0.088394
0.147927
1.72701
0.030458
0.106962
1.80373
-0.011973
-0.067921
1.86872
-0.0830039
-0.118277
1.86566
-0.0106429
-0.225399
1.55904
0.145844
-0.170365
1.00424
-0.071304
0.202085
1.53986
-0.224194
-0.382002
1.66587
-0.105711
-0.185868
1.84634
-0.129975
-0.0842821
1.90165
0.0213801
0.175355
1.64728
0.0775931
0.841467
1.33937
-0.251671
1.0839
0.349475
-0.0157451
0.858179
0.272124
0.0501052
0.24976
1.3952
0.061883
0.110083
1.41463
0.249101
0.343524
1.37806
0.0198799
-0.0245969
1.85962
-0.107933
-0.209675
1.88285
-0.081659
0.040053
1.89596
-0.0486631
-0.0429919
1.75853
-0.096088
-0.236591
1.89979
-0.0626861
0.0893001
1.31577
-0.0834491
-0.0962659
1.23491
-0.0527552
0.0186919
1.82081
-0.024113
-0.086118
1.74462
-0.012407
0.286239
1.07361
-0.0427059
0.127961
1.68276
-0.041888
0.0120809
1.73925
0.061367
0.121332
1.69598
-0.11843
0.112308
1.6879
0.0127211
0.069919
1.83634
-0.067009
-0.036112
1.86058
-0.013996
0.36568
1.30235
-0.070011
0.838393
1.47328
-0.135928
1.01172
1.20513
-0.181906
0.555613
1.27786
-0.00262302
0.662925
1.17233
-0.069543
0.77485
1.57202
-0.0813271
-0.112807
1.88183
-0.014145

-0.238757
2.88802
-0.0426719
0.542763
2.3985
-0.0894509
-0.140739
2.84156
0.0784489
-0.13247
2.98672
-0.170157
-0.0453319
2.42986
-0.0612151
-0.211968
2.4746
-0.0116351
-0.089959
2.86623
-0.0822239
1.2695
1.69137
-0.111451
-0.370115
2.95968
-0.102915
-0.094164
1.65956
-0.0684331
0.280494
1.3791
-0.0456239
-0.337005
2.87805
-0.0588709
1.13996
2.57922
-0.162338
-0.156099
2.91486
-0.127845
0.109136
2.24748
0.001558
-0.175002
2.43522
-0.0425669
-0.134858
2.80827
-0.032079
-0.258399
2.87551
-0.055181
-0.130134
2.74329
-0.0333471
0.134025
2.49216
-0.154751
-0.319619
2.94548
-0.059994
-0.097656
2.85725
-0.116712
0.755102
2.34959
0.0303121
0.173441
2.86263
-0.0759639
-0.820613
2.5326
-0.165884
-0.266267
2.88151
0.0207891
-0.269915
2.96754
-0.199143
0.225388
2.70301
-0.135816
-0.133723
1.56274
-0.0774159
-0.049121
2.32194
0.019609
-0.105346
2.91958
-0.18732
-0.06598
2.89657
-0.0626011
-0.173326
2.5431
-0.00842702
-0.162521
2.89334
-0.069972
-0.069514
2.47567
-0.0272249
-0.069601
2.25993
-0.177207
-0.148646
2.83498
-0.185467
-0.136849
2.97098
-0.055655
0.874113
2.85793
-0.0942561
0.307868
2.97398
-0.212081
0.641853
2.66382
-0.476991
0.590792
2.22875
0.0178689
-0.21953
2.68939
-0.178517
0.076797
2.46251
-0.186223
-0.00891506
2.73606
-0.14886
-0.117551
2.89147
-0.160529
-0.144202
2.83616
-0.097821
-0.157264
2.97435
-0.014293
-0.094053
2.74801
0.008491
-0.163529
2.91757
-0.12571
-0.125666
2.77387
-0.0644701
0.123343
2.30643
-0.071557
0.434098
1.76467
-0.0822278
0.69288
1.97215
-0.100881
0.282268
2.41156
-0.035316
-0.128606
2.2308
-0.161774
-0.212156
2.85076
0.020298
-0.135909
2.87404
-0.137585
0.048529
2.34513
-0.233684
0.268942
2.3781
-0.0929469
-0.0549781
2.37386
0.0724331
-0.361962
2.90801
-0.097885
0.589181
2.4364
-0.229809
1.19152
2.47644
-0.161675
-0.194622
2.69705
0.013787
-0.144696
2.69567
-0.124617
-0.217203
2.9675
-0.0837029
-0.0802999
2.8866
-0.20287
1.56127
1.94091
0.00627701
-0.332865
2.53571
-0.206778
-0.450119
2.89651
-0.12425
0.119483
2.775
-0.275931
0.0696151
2.85398
-0.144031
-0.273609
2.91109
-0.111872
-0.00850808
1.63084
-0.0449459
-0.0619981
2.31559
-0.0778339
-0.256635
2.95509
-0.161663
-0.204401
2.90335
-0.0681391
0.187103
2.37844
-0.116605
0.514913
2.656
-0.172535
0.0322559
2.5789
-0.148414
-0.122211
2.92516
-0.104785
-0.263242
2.97373
-0.0390679
-0.280522
2.89578
-0.0848421
0.130566
2.89936
-0.059756
0.357723
2.86383
-0.104177
0.0243801
2.93825
0.00498507
-0.297618
2.94571
-0.078649
0.0922509
2.84174
0.00252999
-0.0579769
2.80274
-0.071897
-0.183474
2.89397
-0.15529
-0.256956
2.87654
-0.0300339
-0.407346
2.49495
-0.0203689
-0.610018
1.67715
-0.080864
-0.0328469
2.4648
-0.324266
-0.555442
2.60397
-0.12306
-0.299768
2.88105
-0.13652
-0.302764
2.91328
0.0422741
-0.0651529
2.57533
0.0352781
0.666768
2.38401
-0.34846
1.58315
1.49484
-0.0124521
1.25239
1.37959
0.0979552
0.342481
2.30107
-0.028766
0.00079294
2.30831
0.0764161
0.494043
2.31199
-0.144024
-0.18841
2.87521
-0.147363
-0.413634
2.88806
-0.156966
-0.109516
2.91757
-0.0157431
-0.248727
2.74306
-0.142829
-0.389239
2.9193
-0.0979431
0.0462711
2.22628
-0.185211
-0.429794
2.0211
-0.0930621
-0.17347
2.82931
-0.047378
-0.470958
2.67864
0.001233
0.297764
1.9832
-0.103944
-0.032141
2.64542
-0.102946
-0.217986
2.69862
0.054063
-0.173842
2.65332
-0.130686
-0.245191
2.62192
-0.00724294
-0.073458
2.84723
-0.108962
-0.25538
2.86523
-0.047823
0.33823
2.22321
-0.289205
0.86183
2.75257
-0.214019
0.767037
2.425
-0.358985
0.140499
2.30281
-0.223658
0.561167
2.29832
-0.186194
0.630872
2.82663
-0.136747
-0.229654
2.92021
-0.00763701

0.0791681
2.16977
0.67802
0.258087
1.6123
0.677555
0.0604149
2.13013
0.787061
0.0395771
2.19821
0.625762
0.220699
1.63441
0.72345
-0.17699
1.78661
0.629705
0.205869
2.14287
0.653249
0.921389
0.897762
0.681697
-0.23252
2.18284
0.638934
0.173622
1.10387
0.501666
0.068059
0.796698
0.478468
-0.208941
2.1333
0.673155
0.968367
1.63315
0.720142
-0.118323
2.12158
0.592337
-0.10903
1.57158
0.546652
0.176437
1.78069
0.55842
0.10204
2.10159
0.702045
-0.131217
2.10412
0.674421
-0.0872181
1.95767
0.71382
0.0436009
1.7392
0.52059
-0.140524
2.15052
0.640217
-0.00581
2.05432
0.601888
0.698591
1.43938
0.640605
0.206702
2.04637
0.638324
-0.509227
1.88616
0.565922
-0.139487
2.13261
0.725727
-0.141624
2.19949
0.608823
0.213156
1.93383
0.564087
-0.164213
0.970378
0.5002
0.084415
1.67473
0.579836
-0.020328
2.13993
0.546251
0.102685
2.14299
0.690918
-0.095167
1.86138
0.699059
0.102734
2.16229
0.634162
0.00129701
1.72785
0.569333
0.422649
1.59825
0.47056
0.0726801
2.07674
0.578425
-0.0280381
2.1217
0.707146
0.625928
2.00741
0.708905
0.262629
2.10769
0.615041
0.68893
1.86525
0.316715
0.54253
1.41797
0.710202
0.156795
1.9525
0.555723
0.178812
1.69493
0.613469
0.124245
1.99058
0.57057
0.0295841
2.10781
0.59242
0.0775261
2.08092
0.618993
-0.0804259
2.18155
0.702723
-0.083261
1.94367
0.741153
0.081368
2.18101
0.604787
0.015746
1.9866
0.645227
0.0181551
1.60361
0.558788
0.636633
1.1222
0.635972
0.632122
1.28186
0.547164
0.574362
1.64968
0.656193
0.092196
1.57797
0.54303
-0.0482581
2.14577
0.737176
0.127311
2.11756
0.588682
0.262479
1.68154
0.342308
0.410835
1.69628
0.532589
-0.0482671
1.70218
0.743958
-0.180458
2.14123
0.6104
0.635431
1.63824
0.572432
1.12361
1.58217
0.686499
-0.0113921
2.12147
0.941866
0.0602391
1.93376
0.660523
-0.0537111
2.16211
0.664465
0.127467
2.11731
0.53075
1.17927
1.01136
0.874279
0.283755
1.82444
0.130465
-0.249593
2.13732
0.587872
0.260016
1.92484
0.422405
0.182697
2.05348
0.667833
-0.187236
2.13222
0.617614
-0.198187
1.03553
0.512193
0.00424294
1.63969
0.516687
-0.1671
2.17902
0.628022
-0.059932
2.13708
0.665566
0.493178
1.61333
0.611561
0.570166
1.83073
0.652889
0.12394
1.8181
0.590325
-0.0152011
2.13482
0.634458
-0.113517
2.14838
0.662393
-0.210615
2.12442
0.663331
0.211618
2.05732
0.701921
0.305246
2.08744
0.61975
0.0976911
2.16276
0.739744
-0.13297
2.15202
0.626721
0.192231
1.98765
0.789103
0.0718211
2.05662
0.675256
-0.025754
2.13519
0.607254
-0.139122
2.13331
0.674095
-0.669046
1.77883
0.655369
-0.156053
1.19792
0.472299
0.40932
1.80149
0.389587
-0.323717
1.91481
0.540365
-0.10217
2.09769
0.568137
-0.107197
2.17264
0.721807
0.112796
1.86212
0.743523
0.981271
1.63194
0.439107
0.843549
0.42948
0.845178
0.826277
0.587979
0.835424
0.28874
1.63937
0.663509
-0.0421311
1.72354
0.832217
0.421715
1.68987
0.612796
0.0906041
2.13611
0.57263
-0.226317
2.1455
0.617962
0.0698
2.14877
0.653848
0.0495581
1.99864
0.579838
-0.222427
2.13781
0.639924
0.111552
1.50568
0.543315
-0.299589
1.36005
0.529669
-0.0791571
2.07947
0.664764
-0.133076
2.0265
0.658112
0.302998
1.28397
0.567273
0.175176
1.9456
0.621889
0.0281459
2.00625
0.725062
0.181527
1.96688
0.550146
0.0868311
1.96055
0.679338
0.024988
2.08963
0.621763
0.005333
2.15236
0.674386
0.373466
1.58333
0.579142
0.862142
1.77659
0.73377
0.956366
1.53599
0.660445
0.353976
1.53908
0.725985
0.593641
1.41671
0.701815
0.775403
1.87042
0.776425
-0.0293271
2.15343
0.684344

0.291366
0.897973
0.921826
1.21105
0.56721
0.905067
0.269973
0.879103
1.05105
0.363248
0.898185
0.755647
-0.0382169
0.481168
1.32194
-1.0116
0.816658
0.830997
0.472234
0.888293
0.820502
-0.47918
1.24388
1.27139
0.0194471
0.904369
0.785135
-0.686782
1.54414
1.04236
0.216115
1.72451
1.01569
-0.119004
0.853588
0.888055
0.753143
0.181455
1.4296
0.468021
0.978835
0.829791
0.0879349
0.477669
0.800133
-0.018495
1.19633
1.27716
0.342634
0.87444
0.916817
0.195621
0.847871
0.900231
0.39252
0.727576
1.03724
0.939691
1.03122
1.04926
0.192137
0.876266
0.798088
0.505091
0.845065
0.873473
-0.226327
0.52512
0.228498
0.572858
0.801335
0.977133
0.0500489
0.784492
1.02311
0.11258
0.88968
1.02703
0.218868
0.939804
0.879242
-0.125448
1.00343
1.35671
0.238343
1.80011
0.933371
-1.09563
1.64816
0.95095
0.233813
0.883967
0.752128
0.420843
0.902266
0.865222
-0.076251
0.77034
1.20836
0.578348
0.967209
0.902364
0.212116
0.573534
0.744031
1.25564
0.782435
0.587293
0.529892
0.870579
0.714096
0.282893
0.813983
1.05723
0.649346
0.548628
1.04147
0.912162
0.864287
0.91483
1.12833
0.579609
0.793377
-0.51617
0.747593
1.06944
0.740112
0.769309
0.819246
0.411546
0.523324
0.947997
-0.0966711
0.718094
0.937093
-0.000145865
0.852419
0.973091
0.535665
0.8906
0.757771
0.0467301
0.884329
0.942724
0.196994
0.664803
1.08839
0.140211
0.905289
0.882091
0.600529
0.847987
1.02691
-0.140865
0.807299
1.43422
-0.484657
1.31521
1.10272
-0.486031
1.22679
0.875272
0.588077
0.447338
1.03008
-0.177794
0.8405
1.29933
-0.0319471
0.87882
1.06977
0.457435
0.870816
0.723781
0.353741
0.98714
1.3373
-0.630706
1.08007
0.826918
-0.823263
0.828681
1.10863
0.014489
0.870565
0.813041
0.016351
0.607125
1.15598
0.102582
0.431929
1.13432
0.00925393
0.862769
1.2712
1.0762
1.06928
0.87848
-0.0412441
0.848646
0.929381
0.389823
0.839842
0.766464
-0.17072
0.608803
1.15235
1.1447
0.986224
0.416371
0.215361
0.938673
0.726436
0.210606
0.772061
1.03542
1.01268
0.958546
1.00103
-0.10622
0.84755
0.864339
0.469428
1.56156
0.817325
-0.835228
1.25268
1.26117
0.245116
0.93557
0.897728
-0.048854
0.853272
0.843118
0.501831
0.313082
0.836937
-0.086738
0.591919
0.8544
-0.401963
0.641045
0.696392
-0.0994731
0.855187
0.92358
0.147546
0.847596
0.802951
-0.101091
0.839722
0.831887
0.669302
0.802296
0.99538
0.233984
0.810295
0.978782
-0.106222
0.836064
0.821077
0.0621409
0.862571
0.8132
0.674065
0.71382
1.06979
0.0269311
0.784513
0.95922
0.357352
0.918744
0.769334
0.0771671
0.889783
0.915982
-1.08832
0.733754
0.260352
-0.04898
1.09164
1.54802
0.719873
0.672799
0.75156
0.532111
1.08948
0.916492
0.27146
0.865994
0.738473
0.0324779
0.899882
0.991067
-0.0930299
0.614014
0.761358
0.278745
0.868928
1.28423
-0.519798
0.562414
1.63263
-0.315636
0.867877
1.68715
0.559959
0.59638
1.09308
0.334994
0.757609
1.37
0.510659
0.699823
1.26489
0.400683
0.89438
0.75196
0.0820761
0.893752
0.796747
0.197159
0.879229
0.914754
0.541785
0.841751
0.720664
0.0839131
0.891771
0.791775
0.0368661
0.300685
0.644352
0.218763
0.390398
0.8201
-0.251066
0.828585
0.921791
0.350962
0.90752
0.990058
-0.852606
0.892012
0.555299
0.538015
0.736236
0.91496
0.346568
0.824503
0.982694
0.524117
0.786772
0.854246
0.378512
0.815142
1.09187
-0.167795
0.848816
0.96641
0.314957
0.927486
0.982845
-0.448378
1.23951
1.4597
0.976808
0.196838
1.15016
-0.09278
0.801315
1.49373
0.42097
0.246656
1.23965
0.713168
0.045771
1.09169
0.888647
0.310421
1.09118
0.265033
0.906081
0.939772

-0.0635569
-0.122558
1.43276
1.58094
-0.581547
1.45232
-0.245028
-0.202738
1.22035
0.00289107
-0.306249
0.904097
-1.21142
0.745428
0.824641
-1.83832
1.25988
0.0789029
0.033277
-0.247738
0.951836
-1.46745
2.08178
1.04125
-0.340359
-0.262045
0.865463
-1.29412
2.13628
0.683393
0.003693
2.71034
0.960558
-0.638441
-0.255532
0.951114
-0.286053
-0.711332
1.77225
0.36293
-0.294745
1.0478
-0.138273
-0.585165
1.15272
-0.885858
2.27857
1.26527
-0.173455
-0.167579
1.12428
-0.146861
-0.344672
1.09027
-0.749535
0.794807
0.371046
1.21528
0.202902
1.8587
-0.0106649
-0.32791
1.02385
-0.752427
0.37583
0.80246
-1.28973
0.635012
-0.488838
-0.058795
-0.080601
1.58986
0.125071
-0.031127
1.82098
-0.288454
-0.237061
1.23921
-0.035613
-0.257387
1.09143
-0.793762
0.563814
0.357794
0.644123
2.58936
0.466181
-2.1187
1.78011
0.820639
-0.144791
-0.273011
1.04238
0.055992
-0.245036
1.03384
-0.652568
-0.221546
1.10268
0.372416
-0.127834
1.33434
-0.021648
-0.56951
1.01109
0.295153
0.349613
0.579675
0.445777
-0.330514
0.97831
-0.599556
0.0367783
1.14694
-0.281495
-0.485266
1.16823
0.0733899
-0.179582
1.41663
0.363064
0.425222
1.53336
-1.07084
1.75655
0.629256
-0.514065
0.726491
0.532259
-0.665213
0.415112
0.572747
-1.27621
0.423216
1.0518
-0.815642
-0.029821
1.27244
0.449568
-0.169878
1.23726
-0.542738
-0.216762
1.06862
-0.850077
0.875504
0.285969
-0.432303
-0.248004
0.818725
-0.745715
0.756048
0.732375
-1.04632
0.0707171
1.16104
-0.102057
2.4207
0.477038
-1.24197
1.94782
0.718363
-0.607505
0.391058
0.775221
-1.17654
1.28627
1.15209
-0.828706
-0.034767
1.07642
0.270647
-0.301957
0.985269
0.021665
0.928409
2.73166
-1.74829
0.808892
0.556947
-1.86264
0.486903
0.565066
-0.544105
-0.211467
0.802969
-0.98215
1.40281
0.941572
-1.18951
1.00668
0.949951
-0.652357
-0.124915
1.15503
-0.118814
0.552019
0.806673
-0.624267
-0.267423
1.09948
-0.231626
-0.201705
1.00448
-1.44125
1.49336
0.902432
1.95482
0.757452
1.10055
0.160206
-0.213357
1.11719
-0.962852
0.669168
1.23832
-0.268532
0.430824
0.814489
-0.825037
-0.125731
0.877598
0.888825
2.24598
0.623617
-1.86353
1.44115
1.71132
0.13113
-0.285926
1.12168
-0.701699
-0.272673
0.806572
-0.220551
-0.587622
0.858087
-1.05185
1.23375
0.294263
-1.22915
1.28139
0.172201
-0.822291
-0.114713
1.11082
-0.0979711
-0.360795
1.03842
-0.508058
-0.283641
0.906713
0.351713
-0.46018
0.976802
-0.750629
-0.0149461
1.05987
-0.956891
0.00110501
0.357709
-0.316884
-0.311134
1.02534
-0.594628
0.680012
0.581285
-0.88293
0.288492
0.898432
0.177573
-0.24808
0.931894
-0.115026
-0.268582
1.18951
-0.687994
0.467879
-0.645359
-0.266146
1.8211
2.25046
-0.193897
-0.105413
0.878414
1.10673
0.391228
1.59069
0.179341
-0.302366
1.02726
-0.654488
-0.112878
1.02036
-0.911422
0.190981
0.145442
-0.97206
0.955703
1.45813
-1.72203
1.29617
1.38343
-1.17507
1.86776
1.86165
-0.252752
0.0316419
1.42573
-0.333652
-0.16985
1.45459
-0.309354
0.025602
1.61559
0.112589
-0.230212
1.04975
0.0160801
-0.302375
1.07004
-0.322647
-0.227865
1.11899
0.261596
-0.263073
0.93063
-0.122603
-0.275825
1.03464
-1.13884
0.296001
0.525541
0.22599
-0.738707
1.03727
-1.2359
0.114551
0.696986
0.045413
-0.212806
1.19628
-0.727226
1.90998
0.0316571
-0.158255
-0.000509865
1.35297
0.00788694
-0.289138
1.3094
0.134631
-0.22297
1.24278
0.0527931
-0.308557
1.45246
-1.08774
0.0835671
1.1037
-0.014676
-0.199913
1.26196
-1.29212
1.73493
0.635522
-0.425831
-0.281869
1.13643
-1.17256
1.28071
0.764821
-0.810272
-0.0638549
1.13767
-0.497715
-0.402174
0.950136
-0.443248
-0.0564009
0.87149
-0.248117
-0.178194
1.20745

0.0320361
2.02982
-0.761998
0.250775
1.52966
-0.853771
0.0982819
1.96636
-0.621786
0.0218211
2.07528
-0.847231
0.420052
1.63681
-0.759873
0.330758
1.7089
-0.627351
0.127847
2.00469
-0.762169
1.00938
0.829853
-0.848551
-0.103846
2.09997
-0.795108
0.179204
1.0192
-0.612793
0.129057
0.750433
-0.578476
-0.00767401
2.01886
-0.739654
0.754022
1.66065
-0.97808
-0.105125
2.03408
-0.826801
-0.0981451
1.54744
-0.71435
-0.059688
1.62478
-0.741593
0.109891
1.95638
-0.687051
0.0296321
2.01508
-0.75731
0.130208
1.85703
-0.731143
0.0272649
1.67832
-0.834634
-0.164719
2.07454
-0.815093
-0.045229
1.98331
-0.830484
1.04372
1.57174
-0.77673
0.168956
1.97604
-0.845959
-0.246646
1.84009
-0.71983
-0.04023
1.99428
-0.705761
-0.089081
2.0415
-0.851357
0.161881
1.83034
-0.822439
-0.0591901
0.882042
-0.589584
0.325329
1.56787
-0.661958
0.004704
2.03906
-0.873628
0.052827
2.00591
-0.727939
0.179382
1.75681
-0.57496
-0.052433
1.99751
-0.788773
-0.025875
1.69446
-0.731155
-0.028637
1.54006
-0.718789
-0.0218609
1.98152
-0.830589
-0.0160491
2.05184
-0.816563
0.641021
1.91294
-0.915953
0.162328
2.01963
-0.932385
0.256245
1.76917
-1.09929
0.627952
1.38602
-0.704632
-0.0490752
1.85649
-0.841252
0.268855
1.65494
-0.771049
0.0852409
1.89616
-0.80659
0.0764331
2.03029
-0.845003
-0.0211709
1.97728
-0.80262
-0.00940993
2.07247
-0.751248
0.185978
1.86688
-0.702276
0.053447
2.04024
-0.82583
0.032857
1.90006
-0.794991
0.601052
1.55505
-0.637205
0.697355
1.01498
-0.695953
0.60621
1.21149
-0.696252
0.246776
1.55957
-0.708246
0.11165
1.47262
-0.713582
0.117313
1.98125
-0.668986
-0.056689
1.99748
-0.823295
-0.019824
1.57949
-0.876686
0.402093
1.60871
-0.751856
0.251171
1.59943
-0.48912
-0.10805
2.04801
-0.819635
0.528497
1.54052
-0.883019
1.02123
1.49226
-0.988182
0.328693
1.78473
-0.417179
-0.101109
1.80313
-0.763956
0.0511709
2.09999
-0.810167
0.0910691
2.00292
-0.910564
1.03959
0.926045
-0.910453
-0.627989
1.71735
-0.888044
-0.23703
2.03533
-0.838568
0.178651
1.95856
-1.04609
0.119807
1.86017
-0.870434
-0.0391709
2.04451
-0.800141
-0.239101
0.966452
-0.622754
0.375497
1.58001
-0.726379
-0.0743191
2.02581
-0.833022
0.09526
2.05273
-0.759018
0.428769
1.59443
-0.795524
0.566574
1.73305
-0.855851
0.106182
1.75018
-0.774255
0.0835079
2.05779
-0.805697
-0.180948
2.10376
-0.805728
-0.0492781
2.02656
-0.754823
0.259107
1.99385
-0.80407
0.359782
1.98114
-0.810816
0.203601
2.05725
-0.700957
-0.122569
2.0912
-0.818224
0.145638
1.91335
-0.748521
0.171931
1.95916
-0.721763
-0.069775
2.01344
-0.807422
-0.0515769
2.00651
-0.726969
0.232766
1.73151
-0.362806
-0.13427
1.1308
-0.631593
0.0305661
1.66243
-0.887452
-0.401789
1.80361
-0.784082
-0.22769
2.0108
-0.854612
-0.0166381
2.04864
-0.710099
0.266304
1.82417
-0.594262
0.695942
1.47142
-0.986836
1.21478
0.760493
-0.805605
0.821844
0.424605
-0.778508
0.250089
1.51091
-0.573786
0.312761
1.47539
-0.394824
0.31523
1.43347
-0.649562
-0.0996819
1.99558
-0.832081
-0.146945
2.03568
-0.808102
0.051233
2.05882
-0.775077
-0.103752
1.92115
-0.795882
-0.20679
2.07433
-0.781724
0.0809861
1.49478
-0.710983
0.100176
1.44966
-0.598934
0.157319
1.97545
-0.734434
-0.025579
1.87191
-0.725366
0.341521
1.22247
-0.665877
0.112818
1.81926
-0.742889
0.0276669
1.86872
-0.640438
0.077443
1.82845
-0.826478
0.155166
1.81666
-0.690577
0.148217
1.99247
-0.77847
-0.042634
1.98334
-0.75025
0.384709
1.41402
-0.765073
0.800425
1.68502
-1.02849
1.05803
1.38001
-1.06617
0.749283
1.46302
-0.751732
0.73828
1.38477
-0.846969
0.769505
1.78182
-0.961708
-0.153484
2.02895
-0.749823

0.41235
0.69897
-0.651566
1.26852
0.50393
-0.907097
0.200667
0.692437
-1.11007
0.16128
0.699285
-0.943464
1.30997
0.530296
-1.06836
1.16994
0.722034
-0.479504
-0.091228
0.696607
-0.990303
-0.195817
1.08811
-1.47731
0.348407
0.830498
-0.619841
-0.677382
1.41144
-1.17585
0.293524
1.68626
-1.12237
0.505013
0.774983
-0.729448
0.878818
-0.0719099
-1.22112
0.480666
0.838271
-0.934259
-0.907257
1.84636
-1.54414
0.222651
0.339075
-0.913922
0.279035
0.714694
-1.07682
0.598565
0.805268
-0.841633
0.973943
0.764742
-0.834153
0.960765
0.826394
-1.06746
0.271289
0.774843
-0.859368
0.506164
0.738993
-0.971698
0.203649
0.642711
-1.28573
0.578763
0.670615
-1.11146
0.40486
0.686144
-0.998814
0.411378
0.743735
-0.989494
0.269432
0.706519
-0.884638
-0.166154
0.686471
-1.33811
0.24701
1.60634
-1.07667
0.795635
0.500093
-0.548539
0.25323
0.723835
-0.943454
0.06485
0.698347
-1.0365
0.292452
1.02866
-1.52578
-0.038222
0.653857
-0.980089
-0.83226
1.30021
-1.59589
-1.18023
1.32181
-1.03806
0.0896121
0.686658
-1.11681
0.503724
0.704888
-0.957854
0.836125
0.358647
-1.05834
0.489048
0.57457
-0.930788
-0.341418
0.49184
-0.860924
-0.295887
0.697848
-1.3735
-0.0395252
0.478738
-1.02722
-0.203261
0.555283
-1.21671
-0.131951
0.495749
-0.93684
0.336167
0.71576
-1.03314
0.458402
0.706138
-0.874382
0.368532
0.760311
-0.789778
1.17771
0.876045
-0.686379
0.00671901
0.661359
-0.649163
0.641917
0.668743
-0.951528
0.699892
1.30884
-1.95489
-0.33546
1.08038
-1.25693
-0.587846
1.11262
-1.00262
-0.722552
0.846252
-1.01865
-0.710577
0.84888
-1.3835
0.74903
0.747903
-0.741226
-0.15228
0.676953
-0.963053
-0.574084
0.546656
-1.28607
-0.683227
0.943658
-0.857054
0.433981
0.724518
-1.39124
0.150245
0.722176
-0.846846
-0.312383
0.46617
-1.19997
-0.127678
0.248074
-1.0784
0.783037
0.531134
-0.781056
0.291301
0.548054
-1.05354
0.548157
0.811441
-0.808573
0.195609
0.593827
-0.904211
-0.824311
0.873192
-1.0516
-1.02742
0.630134
-0.314253
0.264102
0.802253
-0.822728
0.641574
0.63469
-1.2961
0.4126
0.458497
-1.24079
0.470634
0.812018
-0.799932
0.689151
1.60342
-0.971543
1.20873
0.687057
-0.697894
0.308566
0.701135
-0.93445
0.626705
0.811358
-0.733902
-0.557951
1.66842
-1.5375
0.057805
0.382466
-0.650795
-0.237005
0.495118
-0.569992
0.594373
0.810095
-0.809651
0.216433
0.778544
-0.844613
0.409634
0.763962
-0.796962
0.845457
0.717085
-0.949039
0.444592
0.598099
-0.973777
0.399021
0.695703
-0.727582
0.327121
0.808864
-0.866069
0.665452
0.590116
-1.07139
0.597611
0.724594
-0.847238
0.144367
0.697286
-0.890201
0.372652
0.750704
-0.795272
1.15348
0.869905
-0.576646
0.13718
1.0467
-1.71193
-1.13245
1.06729
-0.272253
0.596668
0.91072
-0.88399
0.026045
0.698708
-0.925928
0.466562
0.790708
-0.714214
0.358844
0.68653
-1.42846
0.0308451
0.449685
-0.334984
-0.215682
0.435926
-1.46474
0.19516
0.151528
-2.13831
-0.484617
1.0208
-1.58982
0.454525
0.881819
-1.52219
-0.725763
1.10564
-1.20726
-0.174471
0.673454
-0.966287
0.27949
0.761158
-0.813978
0.365777
0.759241
-0.859061
-0.51901
0.60588
-0.955513
0.111066
0.764336
-0.8391
-0.771542
1.7902
-1.61816
0.449894
2.06556
-1.7115
0.78889
0.806216
-0.641387
0.441447
0.692658
-0.777064
-0.832076
1.40504
-0.921864
-0.336228
0.623687
-1.01293
0.0765469
0.661994
-1.13498
-0.246275
0.568491
-1.05625
0.144392
0.528957
-0.872526
0.574312
0.735135
-0.825691
0.019982
0.659057
-1.06702
1.03108
0.267319
-0.792735
0.205168
0.168683
-1.17964
0.191026
-0.0213529
-1.19662
1.2423
0.661147
-1.93812
0.0121249
1.51225
-2.12524
0.226003
0.251437
-1.21012
0.0321309
0.700392
-0.902722

-0.263348
-0.378049
-0.83132
1.84419
-0.66372
-1.41912
-0.256378
-0.341419
-1.8679
-0.47141
-0.41816
-1.18623
0.77687
-0.454933
-1.66905
-0.0281351
0.736243
-0.876855
-1.08923
-0.173528
-1.12136
-1.144
1.9944
-1.0764
0.271126
-0.481954
-0.819295
-1.22827
2.09666
-0.8198
-0.106777
2.66801
-1.07644
0.335309
-0.418537
-1.08296
-0.155059
-1.26932
-1.55626
0.157967
-0.395509
-1.15887
-0.837633
2.4117
-0.558129
-0.707043
-0.224349
-0.742941
-0.418738
-0.211998
-1.63799
0.439911
-0.396126
-1.32442
-0.219643
0.214902
-0.935163
1.2149
-0.203142
-1.691
0.0245511
-0.503617
-1.1207
-0.709658
0.030113
-0.770321
-0.88841
1.35197
-1.29113
-0.238009
-0.367387
-1.48895
1.1752
0.423673
-2.18422
0.148369
-0.383372
-1.5439
-0.083693
-0.523004
-1.18596
-0.75734
0.579003
-0.126506
0.742763
2.29879
-0.614703
-0.110308
-0.0702739
-0.786476
-0.516324
-0.306286
-1.06632
-0.677563
-0.281702
-1.38944
-0.971858
0.842414
-1.98966
-0.885395
-0.376124
-1.14652
-1.37132
1.87045
-0.811397
-2.29093
1.60026
-0.947838
-1.01348
-0.0331011
-1.18165
-0.278858
-0.375005
-1.13556
-0.0740311
-0.875289
-1.18896
-0.638548
-0.380066
-0.882665
-1.13354
0.898241
0.0287319
-0.930894
1.76237
-1.08375
-1.20122
0.820369
-0.470218
-0.923772
1.45782
-1.45723
-1.42327
0.374929
-0.794162
-0.433076
-0.359743
-1.30479
-0.122617
-0.351072
-1.16453
0.204964
-0.513578
-1.0645
-0.081494
0.412289
-0.797546
-1.05679
-0.110578
-0.300038
-0.571033
0.14913
-0.885221
-0.75678
1.29365
-1.62719
0.314316
2.19769
-0.915871
-1.31209
1.91601
-0.945221
-1.66572
1.65282
-0.858831
-1.36464
1.55913
-0.757545
0.678626
-0.49028
-1.36038
-1.22813
-0.0694599
-0.802507
-1.79945
0.256013
-1.31775
-1.82615
0.864125
-0.514749
0.194657
0.851287
-2.64208
-0.681341
-0.263432
-0.935163
-1.37045
1.18529
-0.798078
-1.43371
0.885853
-0.902198
0.591997
0.028491
-2.04684
-0.922995
0.684283
-0.54372
0.266271
-0.449525
-1.05951
-0.907385
-0.10729
-0.619942
-2.21622
1.66455
-1.03072
-0.628543
0.728446
0.814069
0.025384
-0.449048
-1.16182
-0.168468
-0.422237
-1.4166
-0.914429
0.395458
-0.854361
0.358109
-0.4588
-1.14426
0.947786
2.38773
-0.587157
0.0388349
0.430859
-0.676751
-0.0515771
-0.511386
-1.2945
0.399848
-0.392194
-1.04099
-0.683267
2.30603
-0.397717
-1.04131
1.11751
-0.345275
-1.2217
1.19219
-0.271858
0.292854
-0.39568
-0.983783
-0.280557
-0.409204
-0.94399
0.165176
-0.434679
-1.15365
0.405738
-0.56913
-0.9115
-0.618569
-0.203023
-1.15376
-0.356158
-0.393761
-1.06726
0.266601
-0.514369
-1.13045
-0.719681
0.562128
-0.745707
0.0784421
-0.388305
-1.23969
-0.462551
-0.410838
-1.04691
0.0768091
-0.415382
-1.17674
2.17907
0.991663
-1.21686
0.238886
1.85851
-2.34362
-1.79331
1.7729
0.628382
1.08116
-0.131475
-1.39049
-0.737949
-0.297453
-0.936619
0.18062
-0.435316
-0.974075
-0.61809
0.983857
-2.16726
-0.95807
1.04348
0.264764
-1.06635
1.56442
-0.993408
-0.502284
1.21113
-2.23711
-1.28057
1.88436
-2.09019
0.345536
1.69548
-2.1798
-1.23911
2.0154
-0.85637
-1.03818
-0.304106
-0.916879
0.0654431
-0.455375
-1.12115
-0.093045
-0.439553
-1.04082
-1.74889
0.782758
-0.617279
-0.355758
-0.378898
-1.07625
-1.13193
2.28899
-0.636059
0.118671
2.9502
-1.51178
0.797065
-0.462338
-0.942224
-0.940033
0.63458
-1.23037
-0.383864
2.52489
-0.606174
-1.35659
1.03434
-0.781432
-0.931999
0.497034
-2.11194
-1.40916
1.02574
-1.01173
-0.884396
1.2765
-1.64754
0.182168
-0.444174
-1.11132
-0.567911
-0.445955
-1.47952
1.03039
-0.968063
-1.02904
-1.27572
0.441044
-0.80069
-1.07102
0.647327
-0.683426
0.580423
0.754656
-2.83892
-0.282149
2.22148
-0.864993
-1.31085
0.207356
-0.882821
-0.430903
-0.490371
-1.12472

