0.00830334
-0.00305444
-0.0108618
0.000860363
-0.00593375
-0.00745686
0.00933268
-0.00175415
-0.015538
0.0114696
-0.0016327
-0.0036473
-0.00798182
0.0115683
-0.0107211
0.00859482
0.0028784
-0.00635404
0.00378338
-0.00213009
-0.00460827
-0.00721763
0.00324762
-0.00487882
0.0111969
-0.00159407
-0.00472824
0.00299375
0.0127751
-0.00292397
-0.01325
0.0174545
-0.00566398
-0.00254278
-0.00151697
-0.00547956
-0.0138935
-0.0109485
-0.00933828
0.00965683
-0.00138974
-0.00511323
0.00547385
0.0160063
-0.00273365
0.00311654
-0.00483561
-0.00580646
0.00802859
-0.00341123
-0.00916857
7.02985e-05
0.000122814
-0.00712147
-0.000319795
0.00274265
-0.00553064
0.00874919
-0.00448531
-0.00881925
0.0220187
0.0023866
-0.00453263
0.0102681
-0.000360961
-0.00133515
-0.019441
0.00631939
-0.00294519
0.011612
-0.00656227
-0.0107834
0.016739
0.00427887
-0.0135915
0.00988324
0.000610009
-0.0133082
0.00930178
-0.000152106
-0.00615928
0.00330567
0.00238094
0.00252829
-0.00405265
0.0123388
-0.00327054
0.0030124
-0.00153509
-0.00667554
0.00538119
-0.00117919
-0.00655464
0.00906341
-0.0018942
-0.00595328
-0.00496537
0.00546914
-0.0132876
0.008761
-0.000613621
-0.00659148
0.000223574
0.0126121
-0.00352671
-0.0010138
0.00854567
-0.00218648
0.00924337
0.000859045
-0.00204552
0.0233658
0.011048
-0.00390947
-0.0014902
-0.0094889
-0.00663416
0.0148791
0.00661588
-0.00394554
-0.00237884
0.00423261
0.00663163
0.00752024
-0.00494439
-0.00421771
0.00768619
0.00442747
-0.00185464
-0.00594855
0.0101101
-0.0113401
0.00283805
0.0019677
-0.00400152
0.0118811
0.00134479
-0.00459399
0.0159432
-0.00534033
-0.00581854
0.0174186
0.000467048
-0.00775824
0.00310432
0.00332471
-0.00274893
0.00111559
0.000414332
-0.00364123
0.0181013
0.00114593
-0.00390954
0.00259424
0.00709213
-0.0149292
0.000699541
0.00663244
-0.00228145
-0.00139219
0.00800604
-0.00403702
0.0177652
0.0029101
-0.00453787
0.00521513
0.00967771
-0.00438009
0.0124179
-0.00140379
-0.0134816
0.00929619
0.00183442
4.53589e-05
-0.00125358
0.00141405
-0.0117908
-0.00208833
0.00473068
-0.00127252
0.00834962
0.00600487
-0.0168168
0.00851719
0.00108805
-0.00508258
-0.00587213
0.0142679
3.84195e-06
-0.0113206
-0.00183508
-0.00133443
0.000404755
0.00340714
-0.0189508
0.0204316
0.00621275
0.000530679
0.0170819
0.00206301
-0.00438442
0.0140641
0.000179936
-0.0030553
-0.0137617
-0.00146056
-0.00404562
0.0137396
0.00575395
0.0119771
0.0116425
-1.65788e-05
-0.00880438
0.0172061
-0.00202913
0.00452988
0.0143439
0.00370182
-0.00342637
0.0138255
-0.0010338
-0.00777707
-0.0115509
0.0158322
-0.00278563
-0.00014211
0.00260983
-0.0116148
0.00604098
0.000999727
-0.00601176
-0.00451284
-0.00165984
-0.00190313
0.00293408
0.0104674
-0.000634479
0.00246992
0.00126439
-0.00137146
0.00130179
0.00462942
0.00020817
0.00893641
-0.00206713
-0.00410107
0.0209099
0.00545271
-0.00423513
-0.00408476
-0.00173882
-0.00468946
0.00618031
-0.00538838
-0.00840763
0.00158243
-0.00393373
-0.00799572
0.000136944
-0.0029389
-0.00573297
0.020041
0.00123942
-0.00415552
0.0202736
0.00565126
-0.00309296
-0.0102987
-0.00304494
-0.0050821
0.010854
-0.00192046
-0.00185295
-0.00508971
-0.00139694
-0.00973386
0.0078393
0.00578656
-0.00964257
0.0112602
0.0103667
-0.0154928
0.00246066
0.0110727
0.00267008
0.0131453
-0.000641616
-0.00972484
0.0188557
0.00264937
-0.00248255
0.0125246
-0.000440983
-0.00808172
0.00166026
0.0040226
-0.00979182
-0.0135557
0.00455407
-0.00381723
-0.0350079
0.0183745
-0.0177946
-0.0295714
0.0184079
-0.0249451
-0.0012324
0.0104374
-0.0146261
0.0101185
0.0114889
-0.0243463
-0.00327958
0.013028
-0.0141947
0.0110985
0.000378522
-0.000696226
-0.000540909
-0.00131402
-0.00652131
-0.00100281
-0.0018233
-0.00664716
-0.00128293
0.00660968
-0.00357223
0.0068753
-0.000804456
-0.0068118
0.00536621
0.012318
0.00255936
-0.00202339
0.0178789
-0.00570831
-0.000288153
-0.00262564
-0.0039722
-0.00989649
0.00559692
-0.00872469
0.00801538
0.0122805
0.000150967
-0.0132552
0.00733876
-0.00458579
0.00782655
0.00493096
-0.0132768
0.00667141
0.00663877
-0.00243301
-0.00794653
0.00975529
-0.0109365
-0.00483096
-0.00300504
-0.00404121
0.00197629
-0.000622616
-0.0106905
0.00935246
-0.0054009
-0.0196693
-0.00724472
0.000626134
-0.00613396
-0.0105114
0.00141131
-0.0052057
0.00232843
0.0030116
-0.0189656
0.00248819
0.0116358
-0.00499405
-0.00182825
0.000542615
-0.00711286
0.0196631
0.00358017
-0.00792609

0.000512866
0.00465829
0.00134039
-0.00121217
0.00588259
0.00204109
0.00023975
0.00428527
0.000199463
0.000796386
0.00487773
0.00212786
0.00498545
-0.00354241
0.00436727
0.00380433
0.00419579
0.00380818
-0.00234563
0.00454097
0.00137674
-0.00297279
0.00729079
0.00361766
0.00306443
0.00449191
0.00250891
-6.84976e-05
0.00639201
0.00105818
-0.00290234
0.00761478
0.00064283
0.0055204
0.00389263
0.00105907
-0.00382732
0.00589317
0.00201406
0.0026516
0.00444476
0.00246846
0.000543934
0.00838685
0.000670325
0.00247272
0.00182903
0.00116113
-0.00236991
0.00465645
0.000525209
0.00605822
0.00306568
0.000659265
0.00617009
0.00305055
0.00189251
0.000986355
0.0049088
0.0014927
0.000838369
0.00635633
0.00237023
0.00285779
0.00439188
0.0021134
-0.00577975
0.00622736
0.00625428
7.45171e-07
0.00607852
0.00207406
0.00328024
0.00455807
0.000986206
0.00347281
0.00437089
0.000713056
0.00284244
0.00438342
0.00214638
0.000178729
0.00419999
0.00289685
-0.00177406
0.00661999
0.00144726
0.00283116
0.00272659
0.00206494
0.00163491
0.00433451
0.00356859
-0.00142584
0.0048555
0.000731388
0.00218029
0.0048192
-0.000650457
0.000385218
0.00476564
0.00103932
-0.000641232
0.00675065
0.000961981
-0.00277115
0.00657163
0.00296034
-0.00273046
0.00562533
0.00165273
0.0085809
0.00713992
0.00292477
-0.000896914
0.0042325
0.00285614
0.0077052
0.00379963
0.000344615
-0.000917883
0.00294399
0.0041047
-0.00567206
0.0107897
0.00145939
0.00134512
0.00426735
0.00386435
0.00422045
0.0033653
0.00768396
0.00122672
0.00366581
0.00221966
0.00427624
0.00478702
0.00203099
-0.00295481
0.00658285
0.00190653
0.00348598
0.00542993
0.00138893
0.00725736
0.00332088
0.000635931
0.000844441
0.00401298
0.00288364
0.00156028
0.00573707
0.0024016
0.00104534
0.00625434
0.000871216
-0.00379628
0.00632889
0.00206966
-0.0018476
0.00531041
0.00200097
-0.00569706
0.0110233
0.00249124
0.00108439
0.00510195
0.000417495
0.00331302
0.00398354
0.000263791
-0.00266346
0.00537798
0.00162495
-0.000776582
0.00374667
0.00154402
-0.00106065
0.00482835
0.00268839
0.00395518
0.00430114
0.000300388
0.00269576
0.00479846
0.00281991
0.00533571
-0.00145784
0.00238276
-0.00470261
0.00577781
0.00312071
0.00284358
0.00288862
-0.00359554
-0.000528876
0.00690649
0.00125251
0.00564925
0.00541338
0.0017332
-0.00150406
0.00593292
0.00343292
-0.00549677
0.00844871
0.00674282
-0.00238294
0.00536973
0.00530838
0.00305071
0.00489174
0.00276015
0.00286289
0.00588478
0.00417785
0.00277692
0.00522954
0.00130623
0.0037222
0.00480112
0.00278185
-0.00249287
0.00742673
0.00118061
0.00444544
0.00325792
0.000558668
0.00479968
0.00412312
0.00141946
0.00355528
0.00361994
0.00124841
-0.00284548
0.00815929
0.00376516
-0.000502455
0.0037112
0.00527449
0.000857709
0.00351294
0.00356557
0.004248
0.00386665
0.00114799
0.0023528
0.00698308
0.00236963
0.00585602
0.00397908
0.0012148
0.000425983
0.00457193
0.00376389
-2.92871e-05
0.00379039
0.00235813
0.00254225
0.00324239
0.00180613
0.00191032
0.00595092
0.00245987
0.00358259
0.00705791
0.00147599
0.00290566
0.0026226
0.00123489
-0.00310814
0.00436964
0.00144337
0.00399039
0.0036846
0.000745801
0.00528046
0.0042276
0.000489357
0.00230018
0.00525666
-0.000873683
-0.00250873
0.00603855
0.00437188
0.00284386
0.00436084
0.00148764
-0.00205467
0.00557316
0.00234758
0.00354141
0.00459879
0.000794204
0.000346873
0.00397907
0.0016479
-0.0054835
0.00524838
0.00503942
-0.0105976
0.0123768
0.00752236
-0.00799181
0.0111114
0.00486425
-0.00203451
0.00542788
-2.9173e-05
-0.000664227
0.00599739
-0.00135374
-0.00240205
0.00541075
0.000629942
-0.00284389
0.00490819
0.00169913
0.00472984
0.00399195
0.00221665
0.0032736
0.0031337
0.000855306
4.47406e-05
0.00459694
0.00238492
0.00227155
0.004486
0.0021897
-0.000409343
0.00749603
0.00107076
0.000536398
0.00839188
-0.000331425
0.00515371
0.00318077
0.00145917
0.00386711
0.00411911
0.000657744
-0.000814626
0.006417
0.00257677
0.00125548
0.00352165
9.50682e-05
-0.000771139
0.00500296
0.000196358
-0.00447755
0.00531973
0.0013299
0.00136077
0.0035972
6.40763e-05
0.00307528
0.00317081
0.00161364
0.00186289
0.00370392
0.00102997
0.000854327
0.00426114
0.00736929
-0.00352396
0.002648
0.00756131
-0.00436994
0.0015432
0.0069023
0.000387276
0.00279277
0.00197102
-0.00153915
0.00599056
0.00368715
-0.00153991
0.00103375
0.00614021
0.00165263
0.00624563
0.00171686

