-0.0187824
-0.000442346
0.0102747
0.00379932
-0.0105827
0.00283508
0.0224022
0.0181928
0.00629594
0.0154105
8.811e-05
-0.00239277
-0.0156058
-0.00224387
0.0208529
0.00615096
-0.00520578
-0.00259473
-0.0162073
0.000337839
0.00166598
0.0115123
-0.00579193
-0.0036252
0.00902544
-0.0131662
0.0111108
0.012825
0.0235695
-0.0104046
-0.0145058
-0.00850398
0.00791759
-0.0199574
-0.00950304
-0.00398512
-0.0100579
-0.00137434
0.00457302
3.51578e-05
-0.010223
6.52604e-05
0.0229802
0.0146113
0.00347878
0.0102715
0.00577388
-0.0105213
-0.0126809
0.000130886
0.00197014
-0.000632895
-0.0102293
-0.00354597
-0.0175773
-0.0126203
0.00216452
-0.00219731
-0.00641687
0.00357238
0.0282626
-0.0121728
0.0060859
0.00377711
-0.00569168
0.00175818
0.00261322
-0.00152857
0.00445304
-0.000854856
-1.70828e-05
-0.0010266
0.0354992
0.0293231
0.0124516
0.020039
0.00581707
-0.00249985
-0.00313385
0.00247621
0.00460259
0.00244738
-0.00867603
-0.00156482
0.00742455
-0.0217188
0.00173435
0.0101322
-0.0103397
0.0069273
-0.0112979
0.00188256
0.0124041
0.000963029
-0.00416929
0.00472176
-0.0131793
0.00011922
0.0114711
-0.00113332
-0.0103594
-0.00237779
-0.000296501
-0.00199301
0.00597133
-0.00402842
0.00424382
0.000509084
0.00754329
-0.00757673
0.00578533
0.00603048
0.0126566
0.00659885
0.00195378
0.0114071
0.0109853
0.0103242
-0.00669184
-0.00255479
-0.0263248
-0.00174517
0.00408266
-0.00283807
-0.0229388
-0.0064298
-0.00568071
-0.000631223
-0.000633286
0.00318679
-0.00903194
-0.00135102
0.0293306
-0.000703938
0.00244803
0.0186865
-0.00953834
-0.00291915
-0.0112277
0.00961501
0.0126622
0.0248584
-0.00786008
-0.00328724
-0.0313916
-0.0113489
0.0118353
-0.00849908
-0.0104158
-0.006567
-0.0129137
-0.0047302
0.0181352
0.0115775
0.00520871
0.00336066
-0.0107019
-0.00320607
0.00645939
0.0156261
0.00611581
-0.00431522
0.00190093
-0.00379361
-0.00375348
0.00831622
-0.00511039
0.00763733
0.00845599
-0.00698608
0.00103753
0.00142714
-0.00497086
0.00400756
-0.0114364
0.00238748
0.0126475
-0.0105765
-0.00410362
0.00278304
-0.00110013
5.09217e-05
0.00661482
0.00195654
-0.00751669
0.00181697
-0.01111
0.000249933
0.00627064
0.000643923
-0.0107218
-0.00299376
0.00839513
-0.0101988
0.012435
-0.00380439
-0.0035803
-0.000404487
-0.013287
-0.00245179
0.0103727
0.00547092
-0.00884581
-0.00263479
0.00242572
-0.0161346
0.00109845
0.00766498
-0.00640182
0.00607218
-0.00838827
-0.0116478
-0.00273195
0.00913907
-0.0107846
-0.00343176
-0.0116389
-0.00189514
-0.00185828
-0.00178161
-0.0148465
-0.00178475
-0.0235748
-0.0101193
0.000704641
-0.0333063
-0.0262746
-0.0118357
0.0196385
0.0169508
0.00737527
0.0107993
-0.00189868
-0.00235932
-0.00598099
-0.00405427
-0.00103123
-0.0309697
-0.00636292
0.00389678
0.00856909
-0.00646845
-0.010157
0.00262852
0.0042446
-0.00227765
-0.0172766
0.0127548
0.0025447
0.0290223
-0.0209743
-0.00543338
-0.0141924
-0.0108632
-0.00168019
0.000173512
-0.00769517
0.00127644
0.0120602
-0.0145641
0.00484398
-0.000382366
0.00808144
-0.0209999
-0.0012198
-0.00699052
0.00254124
0.00452391
-0.00555204
-3.5652e-05
-0.0147834
-0.00231674
0.00228595
-0.0107722
-0.0125556
-0.00551955
-0.0213324
0.00691247
0.00469966
0.00648919
-0.0200598
-0.00431642
-0.0182424
-0.000738632
0.00764617
-0.00706458
-0.0152964
-0.00267464
0.00194336
-0.006543
0.00182902
-0.0144354
0.00139253
0.00386214
-0.00378737
-0.00499117
0.0023755
0.00191847
-0.00611052
0.00220089
-0.0163882
-0.00206194
0.00545225
-0.00324173
-0.0180832
-0.00177802
0.00616171
-0.00830817
0.0218539
-0.00860415
-0.00781759
0.00582157
-0.0214878
-0.00249199
-0.000833974
-0.00106684
-0.00294028
-0.00152589
-0.000505562
-0.00530674
0.00307954
0.0027938
-0.00354294
-0.000925213
-0.0245728
-0.00159075
0.00410266
0.0155064
-0.0295244
0.00191952
-0.0124027
-0.0156995
0.00117114
-2.43494e-05
-0.00472968
0.00410261
-0.0177377
-0.00266256
0.0165164
-0.00896836
-0.00775527
0.00449348
-0.0121716
-0.00407555
-0.00105924
0.000200174
-0.0137635
-0.00377191
0.000720733
-0.00246751
0.0186392
0.00594587
-0.00577908
0.00414948
-0.00341531
-0.0065082
0.00121074
0.00285044
-0.0067993
0.00246474
-0.0108453
-0.00981737
0.0194229
-0.00454405
-0.00158046
-0.000957139
-0.00950236
-0.00361169
0.00450936
-0.00132803
-0.00956991
0.00102918
0.00798099
-0.0179776
-0.00247439
-0.0286817
0.0232789
-0.00125005
0.0164714
0.0105138
-0.000758871
0.0114073
0.00186991
0.00207441

-0.00443039
-0.0160773
0.0176033
-0.00584135
0.00934943
0.00132691
-0.0196807
-0.00752425
-0.00529676
0.00292994
-0.0181185
-0.00398811
-0.0215944
-0.00224805
0.00089603
-0.0196565
-0.0166456
-0.00724146
-0.017346
-0.00146307
0.00265246
-0.00342788
-0.0171083
0.00223958
0.0420503
0.0236163
0.00136102
0.0260739
0.00783071
-0.022352
-0.0286811
-0.00870073
-0.00213003
0.0190638
-0.012077
-0.00169956
-0.0135739
-0.00140851
0.00897925
-0.0006514
-0.00983516
0.00290538
-0.0206578
0.00716742
-0.00596438
-0.00705539
-0.0237884
-0.0131167
-0.0134276
-0.007147
0.0049919
0.0180976
0.0113154
0.0045345
-0.0151224
8.22313e-05
0.00686295
0.000148484
-0.00970229
0.000725855
0.0291798
-0.0134211
0.000633614
0.00635196
-0.00725778
0.0042702
-0.00328458
-0.00396129
0.0169415
-0.0106591
-0.00205997
0.000584071
-0.00521829
-0.00381907
0.00612863
0.00518183
0.00806146
-0.00175778
0.00176554
0.000126221
-0.00164546
0.00142421
-0.00467715
-0.00530373
-0.00490816
-0.013737
-0.0054916
0.020834
-0.012903
-0.0102998
0.00360177
-0.00446006
-0.00233991
0.0149933
-0.00383639
-0.0116343
0.000421243
-0.0107841
-0.00487578
0.00483195
-0.00462703
-0.000238278
-0.0115337
0.00168124
0.00064094
-0.00649634
-0.007028
-0.00256336
-0.0224405
-0.00435229
0.00137803
-0.00777976
-0.02713
-0.00846326
0.00925224
1.26458e-05
0.00254746
0.00118973
9.17343e-05
-0.00202925
0.00497006
0.00933046
0.00734638
0.0149051
-0.010119
-0.00750054
0.00604368
0.00326733
0.00986963
0.0039516
-0.00668233
0.00131298
0.001299
0.000514283
0.00438119
0.00300972
-0.00338777
-0.00116047
-0.0230388
-0.000872535
0.00287394
-0.00458771
-0.0219788
-0.00773933
-0.0176497
-0.00632523
0.000183978
-0.00390901
-0.0185137
-0.00174569
0.0124293
0.000712993
0.00213294
0.00812057
-0.0031709
-0.00350766
-0.00965814
0.000800001
0.000321998
0.00214591
-0.00914832
-0.00153135
0.00663639
-0.00112234
0.0103272
0.002217
-0.00183264
0.00590626
-0.00405412
-0.0111078
0.005369
-0.0143831
-7.69877e-05
-0.0105334
-0.0323957
-0.0175132
0.0214801
-0.00850432
-0.00763788
0.00300194
-0.0131509
-0.0192249
-0.00629773
0.0116556
-0.00628672
-0.000776731
-0.0166211
-0.000492713
0.0125227
0.00250846
-0.00781032
0.000965178
-0.021128
-0.00242311
0.00187456
0.00874701
-0.0176209
-0.00517228
-0.0167442
-0.00279105
0.0106137
-0.00901689
-0.0117531
0.000345915
-0.00551785
-0.0103078
0.00729234
-5.09015e-05
-0.00719637
-0.000695243
0.010591
-0.00395862
0.00231915
0.0178564
-0.00201457
-0.00210041
0.088784
0.00778204
0.0182973
0.0417287
0.00304499
-0.0290552
0.0712493
0.000389991
0.0360274
0.0396917
0.0110744
-0.0192865
0.0118526
-0.0166044
0.0150138
0.00937806
-0.00276066
0.00224776
-0.00551518
-0.0205942
0.0274575
-0.00321884
-0.00341216
0.00484654
0.0154283
-0.0212671
0.0149841
0.015066
0.0021605
0.00543538
-0.0148574
-0.00275981
0.00115741
0.00427485
-0.0127458
-0.00380401
0.000551117
-0.00240963
0.00497286
0.00476046
0.00172507
-0.00187685
-0.00191253
0.000252654
0.00682365
-0.00266933
-0.00393249
0.00514085
-0.000586761
-0.0116745
-0.0015103
0.00371182
-0.00610079
-0.00150362
-0.00655697
-0.000152884
0.00309728
0.00175862
-0.0102045
-0.00250087
-0.00167894
-0.0161906
-0.0132143
0.0144983
-0.0100929
-4.33617e-07
-0.000499067
-0.0229285
-0.00139905
-0.00521627
-0.010798
-0.00220564
-0.00220356
0.000824995
0.00263215
-0.000615215
-0.00106993
-0.00203497
0.00922858
-0.015238
0.0135588
0.000397558
0.00240863
0.00466359
-0.0173081
-0.0134948
-0.00478457
0.00693617
-0.00468762
-0.00199532
0.0155405
-0.0160739
0.00312822
0.0107053
0.00323016
0.00108496
-0.0117614
-0.0107403
0.0182684
-0.00337046
-0.00956819
-0.00220983
-0.0125757
-0.0143756
0.00598508
0.00331819
-0.0088095
-0.00126077
0.00363192
-0.0203542
0.0143907
-0.00203843
0.00106247
-0.000563068
0.0051899
0.00168869
0.00183127
0.00618988
-0.00388156
-0.0057535
-0.00599817
-0.00486218
0.0152279
0.016921
0.00566382
0.00308362
-0.0100799
0.0105892
0.0171736
-0.00128922
-0.0048992
0.00125602
0.0267149
0.006809
0.00475048
0.0158866
0.0160001
-0.0238227
0.0116894
0.00608108
0.00481907
0.00531832
0.0212532
-0.0178923
-0.00350486
-0.0016028
0.0172053
-0.00752055
0.0100795
-0.0125543
0.00475428
-0.006505
-0.00247555
0.00308124
0.00842242
-0.0127019
0.0119418
0.00441106
0.00708337
0.00434537
0.0171657
-0.0186884
-0.0219756
-0.00461504
0.00946442
-0.00392241
-0.0216734
-0.00452223

