0.202126
-0.0596654
-0.205034
-0.081618
-0.162859
-0.130824
0.217524
-0.0308781
-0.32217
0.262747
-0.0316663
-0.0492004
-0.148867
0.253918
-0.213908
0.196621
0.0760806
-0.126286
0.0883005
-0.0430111
-0.0729255
-0.162036
-0.0103257
-0.0795697
0.240095
-0.0363863
-0.0760914
0.136942
0.23394
-0.0414282
-0.336446
0.308996
-0.104306
-0.040215
-0.0221587
-0.0978309
-0.370843
-0.264133
-0.182581
0.174533
-0.0435698
-0.083342
0.097816
0.33309
-0.0180507
0.0918564
-0.0941281
-0.128533
0.165031
-0.0713257
-0.178391
0.009455
0.00888184
-0.129155
-0.0246469
0.0880503
-0.0971069
0.131478
-0.129106
-0.172135
0.460954
0.0351969
-0.0775825
0.186421
-0.00598363
-0.00420359
-0.407604
0.121222
-0.0151106
0.249177
-0.143114
-0.208185
0.388083
0.108287
-0.263071
0.232499
0.0302916
-0.269898
0.217385
0.0134267
-0.112132
0.0702142
0.0491146
0.0771691
-0.108185
0.199583
-0.0421017
0.100275
-0.0537586
-0.144932
0.0990415
-0.0265871
-0.10595
0.18421
-0.0444113
-0.106037
-0.107262
0.120466
-0.254694
0.196525
-0.0116756
-0.130163
0.015288
0.265729
-0.0277549
0.00366027
0.173561
-0.00342641
0.178346
0.0123926
-0.00546211
0.468688
0.219758
-0.0616977
-0.0944232
-0.217238
-0.118751
0.254318
0.124922
-0.047688
-0.0821986
0.103943
0.174142
0.230998
-0.121885
-0.0678674
0.166514
0.11828
-8.0896e-05
-0.125387
0.243225
-0.195062
0.0651351
0.0622243
-0.0595479
0.256256
0.0266271
-0.0729756
0.327645
-0.126952
-0.0978079
0.362954
0.00182334
-0.148409
0.0372701
0.0845646
-0.0485444
0.0369429
0.0177175
-0.0533862
0.345747
0.0211336
-0.0717342
0.0315738
0.131507
-0.300042
0.109346
0.103709
-0.0201551
0.00940125
0.139641
-0.0633554
0.393163
0.0517891
-0.0694747
0.154089
0.218812
-0.0634659
0.26733
-0.0258266
-0.275442
0.187803
0.0360333
0.0241353
-0.0160176
0.0282773
-0.240964
0.00691406
0.0905692
-0.00645923
0.203745
0.135571
-0.338865
0.183306
0.0270291
-0.0816561
-0.120253
0.321133
0.025393
-0.232792
-0.0487267
0.00101946
0.0233186
0.107177
-0.385297
0.38954
0.123292
0.0430217
0.364029
0.0353242
-0.0719825
0.285788
0.000973242
-0.034083
-0.326472
-0.102105
-0.0614609
0.332327
0.122361
0.247943
0.247232
-0.00340116
-0.155817
0.356245
-0.0594808
0.110118
0.299579
0.103207
-0.0498301
0.296948
-0.022829
-0.138307
-0.325463
0.289148
-0.0321867
0.0145221
0.0485646
-0.254817
0.139344
0.0366506
-0.107357
-0.0807467
-0.0344654
-0.0203041
0.0985753
0.212534
0.033725
0.0648765
0.0467418
-0.00667321
0.0426215
0.126588
0.0351603
0.194997
-0.0462594
-0.0634907
0.430274
0.0982527
-0.066571
-0.0844252
-0.0296498
-0.0761896
0.0949729
-0.134597
-0.15444
0.00638971
-0.0834072
-0.15043
0.00917766
-0.055058
-0.101108
0.419131
0.012538
-0.0689566
0.399033
0.12157
-0.0407778
-0.212584
-0.0575616
-0.0853308
0.202134
-0.0455821
-0.0148074
-0.101891
-0.025526
-0.182757
0.171449
0.138307
-0.175452
0.298373
0.222337
-0.322124
0.0952865
0.247298
0.0808504
0.271722
-0.0247102
-0.189918
0.39142
0.044121
-0.0314112
0.267534
-0.00904391
-0.164678
0.0500055
0.105492
-0.16665
-0.264843
0.0931047
-0.0688042
-0.850191
0.320977
-0.363359
-0.714832
0.337534
-0.527271
-0.0538127
0.229814
-0.27441
0.185066
0.252438
-0.488074
-0.0890454
0.28342
-0.271891
0.230817
0.0053495
0.00399023
0.00472629
-0.0138901
-0.110442
-0.0121048
-0.0384715
-0.119103
-0.016971
0.153034
-0.0351097
0.144486
-0.0196493
-0.110875
0.12601
0.259069
0.118963
-0.0410956
0.368022
-0.0708891
0.0110505
-0.0505269
-0.0704077
-0.199417
0.145212
-0.178694
0.24846
0.247177
0.0386646
-0.267838
0.183224
-0.0716503
0.164736
0.113131
-0.272278
0.144552
0.158006
-0.0408442
-0.149146
0.235589
-0.226471
-0.0913263
-0.0608196
-0.0677263
0.0752774
0.00683287
-0.211375
0.194575
-0.133366
-0.378574
-0.209633
0.00878653
-0.10619
-0.201272
0.0161565
-0.0991551
0.0378113
0.0615405
-0.363799
0.0347586
0.222174
-0.0469925
-0.068743
0.010451
-0.1303
0.409157
0.06547
-0.15376

-0.0187132
0.107466
-0.000331307
-0.0727514
0.112835
0.0453701
-0.0369
0.0766389
0.0265645
-0.0537243
0.0845421
0.0613236
0.0329949
-0.188839
0.102567
0.158765
0.103465
0.0666172
-0.035644
0.103951
0.0299841
-0.0526021
0.121345
0.0998026
0.0615677
0.095069
0.0524827
0.0170051
0.112193
-0.0203121
-0.0683247
0.132678
-0.0152632
0.0904662
0.0331554
0.0185396
-0.118902
0.120017
0.0328447
0.0476329
0.0873828
0.0487228
-0.0240681
0.162638
-0.0316506
0.0493347
0.0421319
-0.00756315
-0.0306706
0.111157
0.0339143
0.111746
-0.00511625
0.0013739
0.0520514
-0.0358426
-0.0173882
-0.0289789
0.0978138
0.038759
0.0473318
0.204272
0.0718748
0.0281248
0.0958856
0.0358713
-0.165041
0.136677
0.116191
-0.144526
0.121237
0.051601
0.0765984
0.0938525
0.0394898
-0.0131093
0.0152477
0.000267826
-0.0389712
0.00896359
0.0698912
-0.0135359
0.0711995
-0.0218755
-0.0421459
0.109654
-0.0184929
0.109232
0.0361986
0.0183183
0.0336156
0.0819468
0.05357
-0.020217
0.115902
0.0386805
0.0542096
0.0680141
-0.0292039
-0.0166159
0.10312
0.0481687
-0.0399077
0.11422
-0.0229156
-0.100329
0.137809
0.0511253
-0.0220505
0.145711
0.039117
0.331959
0.248934
0.0941021
-0.0518103
0.0877105
0.0577582
0.29837
0.0863211
-0.0229939
-0.0206573
0.0231316
0.0908294
-0.259954
0.303307
0.0351284
0.0151559
0.089678
0.0439376
0.0792661
-0.0119517
0.205705
0.0129998
0.0691122
0.031283
0.134972
0.119182
0.0550718
-0.0742614
0.194743
0.0570846
0.106335
0.148221
0.0303773
0.177585
0.0363612
-0.0309492
0.014639
0.0680069
0.0291667
0.0418065
0.180766
0.0447657
0.0622959
0.12543
-0.028509
-0.0584213
0.123465
0.019796
-0.0302682
0.0954559
0.03098
-0.149219
0.352437
0.0163039
0.0209259
0.0938466
-0.0392225
0.098883
0.0863491
-0.0251925
-0.0208452
0.140131
0.059046
-0.0231264
0.0733759
0.00674249
-0.013966
0.0881467
0.0245166
0.0952754
0.0579494
-0.00640983
0.0624449
0.0991563
0.0353963
0.260156
-0.139469
0.0365617
-0.116013
0.122073
0.0279002
0.0647335
-0.0119922
-0.0670516
-0.0275571
0.198112
0.0398979
0.21032
0.149346
0.0528212
0.00493924
0.170181
0.0497523
-0.132533
0.161374
0.211616
-0.09441
0.13436
0.109289
0.0669104
0.102171
0.0310315
0.0944164
0.204514
0.127712
-0.0782227
0.013185
0.00907787
0.0637604
0.102067
0.0319961
-0.0681887
0.136378
-0.0196911
0.1239
0.0377448
-0.00377717
0.0476915
-0.00578559
0.0406059
0.0358815
0.0508279
0.0383147
-0.117344
0.177303
0.106179
-0.0381904
0.0768735
0.140534
0.0172122
0.0705963
0.0492121
0.106187
0.0702028
0.0193346
0.107828
0.235296
0.0733099
0.0992125
0.0335335
0.0275934
-0.027227
0.102727
0.0910907
-0.0134229
0.078485
0.0316811
0.0305396
0.0433542
0.0264109
0.0791818
0.187758
0.0774813
0.0840353
0.214562
0.0191906
0.000813224
0.0357848
0.0264174
-0.0378534
0.0960544
0.0415636
0.0525593
0.0410103
-0.0232093
0.152676
0.0456791
0.0419804
0.0636449
0.102753
-0.0438771
-0.0970381
0.11122
0.0711268
0.043061
0.0842622
0.024732
-0.0536253
0.163982
0.071035
0.111506
0.112884
0.00849856
0.00655634
0.0760934
0.0157243
-0.149011
0.0940288
0.0723153
-0.274671
0.236177
0.242952
-0.218983
0.19497
0.178521
-0.0697433
0.0894838
-0.0173587
-0.00208723
0.112727
-0.0540381
-0.0940959
0.0732805
-0.0205773
-0.0443797
0.127909
0.0636751
0.060342
0.0213483
0.0504164
0.0631367
0.039026
-0.0228324
-0.00816668
0.0724828
0.0375001
0.0444549
0.0932291
0.0385356
-0.0631504
0.163217
0.00433308
0.0107029
0.154624
-0.018575
0.0725368
0.0307119
0.0219994
0.0611606
0.0197367
-0.00934172
-0.0271102
0.123668
0.0477725
-0.0413405
0.014805
0.00055232
0.0126378
0.110604
0.0248141
-0.0738348
0.112333
0.0496139
0.0316859
0.0218326
0.00506577
0.0136935
0.0441665
0.0475918
-0.0587277
0.00159061
0.0140388
0.0543891
0.0996316
0.0672361
-0.0880713
-0.0153466
0.252081
-0.0511686
-0.0587436
0.201207
0.0467656
0.0066525
0.0909196
-0.0214921
0.0731473
0.115732
-0.0082057
-0.0553337
0.203591
0.0740991
0.20026
0.0518839

