-2.84873e-07
-2.14415e-06
-2.32036e-06
2.59241e-06
-3.64236e-06
-1.76127e-06
-1.67414e-07
-3.23987e-06
4.37719e-07
-1.15359e-07
-3.05037e-06
-1.65634e-06
-3.75553e-06
-8.10152e-07
-3.39835e-06
-1.23727e-06
1.65153e-06
-2.84361e-06
3.28604e-07
-2.41443e-06
-1.46322e-06
8.69543e-07
-2.47536e-06
-1.15121e-06
-3.77666e-07
-2.34736e-06
-1.18049e-06
4.22528e-07
-1.95705e-07
-1.66197e-06
0.0156173
-0.030566
0.00325854
-2.61408e-06
-2.5503e-06
-1.80996e-06
-1.41635e-07
-3.60594e-06
-2.70377e-06
1.05233e-08
-1.03488e-06
-1.75766e-06
6.01913e-07
-1.80547e-06
-2.03225e-07
-1.59203e-06
1.34218e-07
-2.06374e-06
6.73521e-07
-3.16642e-06
-3.15819e-07
-1.65129e-06
-3.44032e-06
-1.07414e-06
-3.25408e-06
-1.12952e-06
-2.2027e-06
4.54272e-07
-2.36889e-06
-1.16778e-06
-0.0175683
-0.00499029
0.00732796
-1.52182e-06
-1.38539e-06
-1.52352e-06
-3.83051e-07
-1.02965e-06
-3.28535e-06
-9.02348e-07
-3.1966e-06
-1.16083e-06
2.34213e-07
-2.07072e-06
-1.36723e-06
-1.28158e-06
-2.68538e-06
-1.04354e-06
-9.57781e-07
-3.09409e-06
-1.5196e-06
-1.5307e-07
-1.88314e-06
-2.05821e-06
6.20424e-07
-8.1132e-07
-1.29453e-06
-1.34366e-06
-6.27476e-07
-1.6132e-06
-4.45068e-07
-2.3724e-06
-1.80706e-06
8.53336e-07
-2.50018e-06
-2.15242e-07
-1.81695e-06
-1.99461e-06
-9.39023e-07
1.09648e-07
-2.36074e-06
-7.28628e-07
9.31122e-07
-9.77455e-07
-6.65028e-08
-1.3971e-07
-9.67036e-07
-1.88036e-06
9.55756e-07
-2.28958e-06
-8.65024e-07
-0.146514
-0.0649315
0.123257
-7.00078e-07
-2.75641e-06
-1.94349e-06
2.64097e-07
-1.22984e-06
-1.12572e-06
-5.62031e-08
-8.36799e-07
-8.79023e-08
8.6603e-07
-1.41412e-06
-1.54597e-06
-1.91433e-06
-5.59553e-07
-1.91336e-06
-1.72973e-06
-1.35729e-06
-3.36869e-06
-1.52233e-06
-3.13745e-07
-1.19093e-06
-4.79302e-07
-2.14838e-06
-9.92265e-07
1.51308e-06
-2.20826e-06
-9.5784e-07
6.82474e-07
-2.03678e-06
-1.2212e-06
-2.57273e-06
6.54238e-07
-2.28112e-06
-9.54322e-07
-2.0628e-06
-1.62414e-06
-4.74424e-07
-5.41503e-07
-1.7207e-06
-3.22706e-07
-1.17819e-06
-2.19949e-06
2.7915e-06
-8.7605e-08
-1.48306e-06
9.46219e-07
1.60225e-07
-1.31137e-06
-0.0302312
-0.0141918
0.0105145
-8.43918e-07
4.49852e-07
-8.94987e-07
-2.49871e-07
-1.34348e-06
-1.64505e-06
1.29937e-06
-2.24958e-06
-3.2421e-07
-1.53445e-07
-9.9315e-07
-1.12703e-06
-8.17611e-07
-9.98413e-07
-1.59714e-06
-1.03464e-06
-1.37103e-06
-2.10498e-06
-8.55684e-07
-1.98045e-06
-2.42165e-06
0.00442077
-0.0557846
0.012165
5.16261e-07
-1.6912e-06
-1.81384e-06
-7.03146e-07
-2.68688e-06
-1.16048e-06
-8.24593e-08
-1.01442e-06
-8.80009e-07
3.36681e-07
-1.4729e-06
-1.56982e-06
1.29226e-06
-1.55042e-06
-1.391e-06
7.71649e-07
-2.45207e-06
-3.05865e-06
1.95523e-06
-1.03204e-06
-1.99232e-07
-5.05772e-08
-1.7409e-06
-2.31935e-06
-3.26378e-07
-1.30517e-06
-6.19018e-07
-2.10043e-06
-2.73226e-06
-1.02796e-06
-7.14151e-07
-1.34081e-06
-2.30031e-06
-1.12262e-07
-9.67991e-08
-1.25325e-06
-2.16346e-06
-6.59041e-07
-9.27742e-07
-1.15362e-06
-1.72468e-06
-1.79793e-06
-2.23104e-06
-1.87383e-06
-8.7571e-07
1.00835e-06
-4.24416e-06
-3.26994e-07
-6.81042e-08
2.8474e-07
-2.34724e-06
-1.58583e-06
1.21055e-07
-2.52167e-06
-6.60321e-07
-1.953e-06
-1.52885e-06
1.14897e-06
-1.14675e-06
-1.09735e-06
-2.23511e-06
-3.49377e-06
-1.55502e-06
2.3455e-07
-2.0424e-06
-1.54669e-06
-6.72938e-07
-1.94727e-06
-2.02273e-06
-1.50401e-06
-1.85673e-06
-1.66073e-06
1.26454e-06
-2.09157e-06
-8.55547e-07
-1.56726e-08
-8.3683e-07
-1.29448e-06
-2.72035e-06
-1.30304e-06
-1.50117e-06
1.17786e-06
-1.71266e-06
-1.67576e-06
-1.82788e-06
-3.01633e-06
-1.35834e-06
-3.07913e-07
-1.29291e-06
-2.5831e-06
-6.34178e-08
-6.41998e-07
-6.07153e-07
-1.75501e-07
-2.07918e-06
-1.61057e-06
3.47006e-07
-1.56235e-06
-1.38464e-06
1.36697e-06
-1.69745e-06
-1.75033e-06
-3.53218e-07
-1.71234e-06
-1.5612e-06
-8.68045e-07
-6.31604e-07
-2.4389e-06
-4.73113e-07
-1.2223e-06
-2.59909e-06
0.144505
-0.0364335
0.125035
0.0219938
-0.0105125
0.0274489
4.16973e-07
-2.38817e-06
-1.41494e-06
-0.168846
-0.142089
0.221445
1.23926e-07
-1.49025e-06
-1.39181e-06
1.14434e-06
-1.36663e-06
-6.00068e-07
-1.76214e-06
-2.24469e-06
-1.65388e-06
-1.27559e-06
-2.26064e-06
-9.10865e-07
-1.11339e-06
-7.26421e-07
-3.84754e-07
-4.57383e-07
-2.36292e-06
-1.77494e-06
-3.12419e-07
-3.27377e-07
-1.15005e-06
3.64008e-08
-6.59934e-07
-5.50968e-07
-2.50012e-06
-1.55904e-06
-1.87732e-06
-2.41973e-06
-1.23126e-06
-1.78157e-06
1.30689e-06
-1.73424e-07
-1.02361e-06
-2.28188e-06
-1.26175e-06
3.31492e-07
5.744e-07
-9.06969e-07
-9.75736e-07
1.31737e-06
-1.19267e-06
-1.26336e-07
-1.33003e-06
-8.24551e-07
-1.7917e-06
-2.19517e-06
-3.23589e-06
-1.3579e-06
-1.22337e-06
-3.3919e-06
-1.05764e-06
1.12163e-06
1.31009e-08
-4.98829e-06
-3.13818e-07
-1.63147e-06
-1.85957e-06
5.83838e-07
-7.18484e-07
-2.65346e-06
-0.0463504
-0.01932
0.139534
7.70295e-07
-3.13351e-06
-1.59217e-06
4.4102e-07
-5.26401e-07
-1.76433e-06
9.3478e-07
-1.76306e-06
-1.67152e-06

-8.86561e-07
-1.19611e-06
5.06886e-07
4.40699e-07
-2.95071e-06
1.08246e-06
-1.05974e-06
-2.35713e-06
2.0502e-06
-1.20172e-06
-1.50911e-06
9.04866e-07
-5.34697e-06
1.56708e-06
-5.38224e-07
-1.79739e-06
8.89459e-08
-1.43309e-06
5.16488e-07
-2.00327e-06
9.53711e-07
-2.81937e-08
7.51039e-07
5.72312e-07
-7.70323e-07
-1.45655e-06
2.43263e-07
-5.3479e-07
-1.16507e-06
-4.01722e-07
-0.0206684
-0.00773504
0.0264915
-3.30959e-06
-7.94827e-07
7.82702e-07
-4.63115e-07
-1.52491e-06
1.37829e-06
-5.98434e-07
-2.36938e-06
4.96388e-07
-2.16253e-07
-3.39449e-06
1.35722e-06
-2.10004e-06
1.69468e-06
5.40617e-07
2.80799e-07
-1.16185e-06
1.45124e-06
-2.89952e-06
-4.70286e-06
8.16219e-07
-4.50643e-06
-2.35023e-06
-1.28889e-06
8.79329e-08
-2.88849e-06
2.27808e-06
0.00515581
-0.0189871
-0.000563762
-2.33498e-06
2.94104e-07
3.88199e-07
-5.01647e-07
-2.70696e-08
-1.78994e-06
-2.00548e-06
-2.05677e-06
1.44881e-06
-1.12542e-06
-2.13317e-06
2.15799e-06
-2.58653e-06
-2.44126e-06
1.0891e-06
-2.05238e-06
-1.82446e-06
1.12642e-06
-8.93016e-07
-3.48098e-07
-1.22414e-06
4.82416e-07
9.07976e-07
-6.84186e-07
-2.8746e-06
3.48003e-07
-3.71111e-07
-1.96621e-07
-1.77309e-06
4.64551e-08
6.02213e-07
5.25581e-07
1.52141e-06
-2.12357e-06
-3.24586e-06
1.19828e-06
-1.23172e-07
-1.03001e-06
1.75417e-06
7.32532e-07
-3.96117e-06
8.39197e-07
-2.72315e-07
-2.62185e-06
1.2205e-07
1.77548e-06
-1.35841e-06
1.30918e-06
-0.0292857
-0.160524
-0.119371
-1.1696e-06
-2.13788e-06
6.45811e-07
-3.66825e-07
-1.29708e-06
1.25834e-06
5.49711e-08
-1.53343e-06
1.40922e-06
-1.48053e-06
4.98496e-07
5.73932e-07
-1.75288e-06
-6.68918e-07
-9.88328e-07
-2.66206e-06
-8.26908e-07
-1.18457e-06
-2.22856e-06
2.92656e-07
5.67977e-07
-1.6584e-06
-2.25035e-06
1.13019e-06
1.15237e-06
-1.779e-06
1.34207e-06
-9.52097e-07
-1.11469e-06
8.51486e-07
-3.70205e-06
1.23185e-06
-1.22742e-06
-1.23581e-06
-2.29148e-06
-4.077e-07
-1.39515e-06
-1.07277e-06
8.23144e-08
-1.33369e-06
-2.10188e-06
3.65473e-07
1.25403e-06
7.51093e-07
-4.84179e-07
-7.81843e-07
-1.94854e-07
1.78147e-07
0.0164585
-0.030202
0.00655646
-1.51175e-06
8.24516e-07
2.31046e-07
-1.80955e-06
-1.78752e-06
4.2367e-07
1.82591e-06
-1.17919e-06
1.46763e-06
2.75902e-07
1.09249e-07
2.66784e-06
-1.54422e-06
-5.49959e-07
-7.88036e-07
-2.97543e-06
-5.43389e-07
-6.45313e-07
-1.02374e-06
-1.37757e-06
-7.94059e-08
-0.050894
0.0016841
0.0262093
-2.75615e-07
9.31211e-07
-2.79921e-07
-2.60883e-06
-1.68812e-06
7.51415e-07
-4.09452e-07
-1.08304e-08
9.99486e-07
-8.69148e-07
-2.90561e-06
9.28693e-07
6.04708e-07
-2.3332e-06
2.16948e-07
1.01865e-06
7.49288e-07
2.52049e-07
3.02968e-06
-4.62556e-08
4.52215e-07
-7.76895e-07
-1.0176e-06
3.25295e-07
-1.86129e-06
1.07447e-06
1.57991e-06
-3.03483e-06
-2.46665e-06
1.98157e-07
-2.29437e-06
-6.66557e-07
-1.63848e-07
5.98968e-07
-3.28225e-07
-3.11662e-07
-3.57401e-06
3.42677e-07
1.28741e-06
-2.67978e-06
-2.6631e-06
1.17537e-06
-3.12681e-06
-2.42387e-06
8.78311e-07
-2.89176e-07
-3.58653e-06
8.24641e-07
-1.32504e-06
6.8711e-07
-1.05955e-06
-1.11889e-06
6.83734e-07
-1.11527e-06
-2.20728e-06
-1.2693e-06
8.38728e-07
6.50094e-07
1.00277e-07
1.09226e-06
-2.83894e-06
-2.08414e-06
7.16482e-07
-4.71072e-07
-3.6575e-06
-1.2512e-07
-1.24732e-06
-2.55567e-06
2.91104e-07
-2.63636e-06
-1.74787e-06
-5.07447e-07
-1.30197e-07
-1.8122e-06
1.12831e-06
-1.37112e-06
1.3553e-06
-5.84619e-08
-4.06226e-06
-6.55627e-07
5.26675e-07
1.51969e-06
-1.70994e-06
1.11821e-06
-2.27252e-06
-1.99927e-06
1.13187e-06
-2.13786e-06
-1.83267e-06
-1.59311e-06
-6.97809e-07
2.93047e-06
2.65457e-06
8.1013e-08
-2.72737e-06
-5.72023e-07
1.52041e-07
-1.49227e-07
1.46876e-06
1.70335e-06
-1.03581e-06
9.66003e-07
-1.52723e-06
-2.33353e-07
6.63978e-07
-1.53541e-06
-2.1334e-06
-2.97297e-07
-1.07616e-06
-4.40425e-07
-6.81368e-07
0.0629239
-0.143991
-0.114674
-0.015339
0.0251437
0.0219198
3.76805e-08
-1.75579e-06
1.67146e-06
0.164228
-0.262489
-0.0432004
-3.69356e-07
-1.32479e-06
3.11236e-07
1.35946e-06
-1.47686e-06
1.45176e-06
-2.17239e-06
-3.58087e-06
8.62494e-07
-2.0473e-06
-1.31921e-06
4.12369e-07
1.14619e-07
-8.96423e-07
3.13552e-07
-9.31841e-07
-1.4069e-06
4.88828e-07
-1.15439e-06
-5.88664e-07
9.31561e-07
-9.45488e-07
-2.68849e-06
1.47066e-06
-4.45892e-06
-3.10464e-06
4.73255e-08
-2.45847e-06
-1.67844e-06
7.13698e-07
1.29323e-07
-2.054e-06
-1.15979e-06
-2.46026e-06
-1.3622e-06
1.71223e-06
4.25773e-07
-3.91095e-07
1.50947e-06
1.59939e-06
-1.73471e-06
1.88609e-06
-1.20541e-06
-2.69761e-06
1.66349e-06
-3.65572e-06
9.38049e-08
1.02704e-06
-1.90341e-06
-3.93404e-06
1.20518e-06
-2.03876e-06
4.02573e-06
-4.42153e-06
1.46186e-06
-2.66223e-06
3.27794e-07
2.55431e-07
1.08091e-06
-1.02429e-06
-0.134584
-0.0373112
-0.0498706
-1.28693e-07
-3.39044e-06
1.26031e-06
-1.41282e-06
-4.43357e-07
2.76282e-07
-1.17498e-07
-1.10302e-06
8.29663e-07

