1.67906e-07
3.0269e-07
-6.79655e-07
2.10486e-06
1.64531e-07
-1.20044e-07
-1.41689e-08
-5.07551e-07
1.4776e-06
2.41383e-07
-1.52068e-06
-1.01727e-06
-9.67822e-07
-2.59007e-06
-2.90299e-08
4.05883e-07
2.04376e-06
2.14022e-07
-1.71279e-07
-1.16019e-06
1.42162e-07
-6.8044e-07
-8.62338e-07
2.30567e-07
-1.99384e-07
-9.6406e-07
5.04481e-07
4.51604e-07
-6.13908e-07
-2.64939e-07
-3.35276e-08
-1.7751e-06
7.30623e-07
-4.54528e-07
1.88319e-06
2.40638e-08
-1.88353e-07
1.15479e-06
-1.03312e-06
1.18096e-07
1.99863e-06
-7.46602e-07
1.16351e-07
4.88444e-07
2.45982e-07
7.35306e-08
3.59199e-07
-8.08588e-07
4.57242e-08
-1.36258e-08
1.14483e-06
6.95902e-08
-2.81596e-06
1.03881e-06
4.21909e-07
1.93637e-07
9.58991e-07
6.84383e-08
-2.09026e-07
-2.86718e-07
-2.44007e-07
4.00003e-07
1.1269e-07
8.07725e-08
-9.58836e-08
-3.71869e-07
3.45629e-08
-7.64823e-07
-8.25093e-07
8.61502e-08
-1.13747e-06
8.21447e-07
-1.69264e-07
-5.85815e-07
-1.49459e-06
-4.91546e-08
-3.30479e-08
8.87765e-07
1.56786e-07
-8.63711e-07
9.2415e-08
-2.84957e-08
-4.82001e-07
2.54097e-08
-4.74608e-08
-4.4414e-09
8.80215e-07
-1.5797e-07
1.3761e-07
4.13477e-07
-5.71372e-08
9.78681e-07
3.69466e-07
1.89927e-07
-3.64362e-07
2.10113e-07
-1.2293e-07
-2.13187e-07
3.96315e-08
-2.74162e-07
-1.05307e-06
2.12879e-07
6.61991e-07
1.25368e-06
5.65194e-07
3.34032e-07
7.48244e-07
-1.1795e-06
-3.90128e-07
-5.01759e-07
3.30698e-07
-2.92063e-06
-1.82539e-06
2.60025e-06
-4.64145e-07
2.47951e-07
1.37457e-07
3.59809e-07
9.05943e-07
-9.5436e-08
2.0164e-07
-1.17529e-06
7.74408e-07
-5.17043e-07
-3.94289e-07
-3.86992e-07
-7.2329e-07
-8.3625e-07
3.07974e-07
-9.56381e-08
-4.49317e-07
3.28871e-07
-3.24627e-07
3.92103e-07
-3.29264e-07
-3.59835e-08
-1.90741e-07
5.31024e-07
2.23117e-07
1.27589e-07
3.70851e-07
2.42444e-07
-4.166e-07
1.87573e-07
1.91187e-07
2.34076e-06
-6.65607e-08
-5.25728e-08
-5.52275e-08
5.33046e-07
7.08201e-09
-7.08421e-07
2.22648e-07
-1.49842e-09
2.52508e-07
-4.79658e-07
1.64675e-08
-6.36873e-07
7.66317e-09
1.52464e-07
-4.03705e-08
-6.28424e-08
-2.5481e-06
-9.54606e-07
5.22472e-07
-4.27258e-07
2.3373e-07
4.53441e-07
-3.33373e-07
7.48535e-07
4.9901e-07
2.22577e-07
-8.37536e-07
5.06083e-08
-6.90397e-08
-2.847e-07
-7.52445e-07
-4.65997e-07
-1.09265e-07
-1.40528e-07
-3.00618e-07
-9.13428e-07
-1.63824e-07
-3.66631e-07
-6.12607e-07
-5.18257e-07
-5.0338e-07
-2.17184e-06
-7.91624e-08
4.86647e-07
-1.15253e-06
5.53651e-07
4.81613e-07
-5.60026e-08
2.68682e-07
-1.28927e-07
-9.26843e-07
-6.34067e-07
-1.01797e-07
3.6622e-07
-1.9061e-07
7.52595e-07
2.11278e-07
4.26176e-07
-4.19e-07
2.15484e-07
-1.82832e-06
-2.05924e-07
-6.37447e-07
9.32249e-08
-1.22658e-07
-5.11207e-08
-6.82504e-07
-3.38887e-07
4.5863e-07
9.30834e-08
-3.61724e-07
-7.0559e-07
2.60332e-07
7.94941e-08
1.32641e-06
-1.94642e-07
1.53563e-07
2.89172e-08
7.32981e-08
3.00628e-07
-6.95272e-07
8.54136e-07
3.91568e-08
8.04418e-07
-3.93603e-07
-1.48072e-07
-1.67668e-07
1.19595e-06
6.72923e-08
-3.55888e-06
4.37612e-07
-7.15396e-08
6.65066e-07
3.95673e-07
-7.15015e-07
-5.01081e-08
-3.4695e-07
2.50074e-07
3.40978e-07
-1.60025e-07
6.90635e-08
8.46077e-07
-4.38565e-07
1.74126e-07
-1.24981e-06
5.02069e-08
9.14892e-08
7.6858e-07
8.1487e-07
1.67651e-07
-2.88009e-07
2.3779e-07
-4.50211e-09
4.31411e-07
7.5039e-07
5.93406e-08
-1.4274e-07
8.33683e-07
4.99356e-07
-5.95472e-07
-2.5193e-08
4.41005e-08
2.06662e-07
5.29946e-07
-4.05686e-07
1.13746e-06
-1.27198e-06
3.71318e-08
-2.85989e-07
1.84137e-07
-4.26272e-07
-8.25789e-07
-4.90646e-07
5.03721e-08
-8.52909e-07
2.27116e-07
7.34541e-08
-7.66833e-07
-3.67539e-07
-3.42343e-07
2.29501e-07
-4.37305e-07
1.63698e-07
-4.67929e-07
-1.40458e-06
-7.10145e-08
-3.88359e-07
-1.95867e-07
-5.19232e-08
-2.82815e-07
-1.40869e-07
3.1727e-07
-9.32592e-07
-1.61502e-07
-8.04663e-07
-1.11759e-08
-2.65241e-06
-9.36911e-07
1.6652e-06
-2.11224e-06
5.33864e-07
-5.40794e-07
-4.46111e-07
-4.61936e-07
7.15256e-07
-2.68221e-07
-2.84378e-07
-2.44475e-07
-5.37274e-07
1.04233e-07
8.89995e-07
-1.08055e-07
-4.39346e-08
5.43489e-07
-1.98091e-07
1.30276e-07
-1.22913e-07
1.00633e-06
-1.62796e-07
4.385e-07
1.14391e-06
4.04018e-08
-1.09703e-06
4.11552e-07
9.75602e-08
1.07226e-06
-5.30043e-07
6.38764e-07
1.37543e-06
5.04453e-07
-2.3363e-07
-2.38764e-07
-1.98155e-07
4.74354e-07
1.44262e-06
-5.07813e-08
-1.10539e-06
-1.90807e-06
1.80687e-07
-3.10679e-07
7.39749e-07
8.74417e-07
1.21506e-07
5.12309e-07
7.11563e-07
3.78802e-07
-3.98009e-07
-7.98746e-08
1.25041e-07
1.65124e-06
-9.9627e-07
4.14093e-07
-1.14468e-06
-1.33888e-07
5.64512e-07
3.23071e-07
2.64131e-07
9.18811e-07
3.03022e-06
-2.03148e-07
-7.25813e-07
9.69604e-07
4.44647e-07
-4.22233e-07
1.66183e-07
-2.1811e-07
1.69501e-06
5.96046e-08
4.47035e-07
-6.77242e-08
-1.48054e-06
-1.4801e-06
7.32488e-07
2.14964e-06
5.88916e-07
-6.22785e-08
-1.14816e-06
-7.08962e-07

6.92913e-08
2.6599e-08
-3.69833e-07
-1.30744e-06
-1.16047e-06
-1.97989e-07
5.78942e-08
-9.40313e-07
8.50711e-07
-6.46315e-08
-4.74364e-08
-3.13036e-07
9.64205e-07
1.06529e-06
2.12975e-07
6.00065e-07
4.10262e-07
1.36778e-07
-3.97417e-08
4.58163e-07
8.48706e-08
-3.29332e-07
-1.5664e-07
3.12069e-07
7.27006e-07
-4.50425e-07
-3.08e-08
-1.77415e-07
-2.76994e-06
-6.00128e-07
4.69387e-07
1.33924e-06
2.57045e-07
-6.14561e-08
3.02776e-06
9.56639e-08
1.33359e-06
4.5045e-07
1.93024e-07
-1.93656e-07
-1.31491e-06
-3.25461e-07
-9.64205e-07
6.44266e-07
1.13609e-07
2.9198e-08
3.24121e-07
3.99445e-08
5.05832e-08
1.2484e-06
-9.96466e-08
-1.51526e-07
-1.43346e-06
-1.48277e-07
1.84328e-07
-1.53271e-06
8.79107e-08
-5.89508e-07
-1.05052e-06
-4.9349e-08
-1.28523e-07
-4.89876e-07
1.85275e-07
7.73688e-07
9.69868e-07
-8.44308e-08
9.94588e-07
1.19623e-06
2.78619e-07
1.22675e-07
9.52302e-07
-6.50335e-08
2.19473e-07
-8.41107e-07
1.27855e-07
-2.4014e-07
1.10709e-06
5.26554e-08
6.55331e-07
3.37185e-06
5.03285e-08
6.49596e-08
-3.08767e-07
1.37951e-06
1.1301e-08
1.08004e-06
3.43386e-08
3.13284e-07
-2.04982e-06
-1.64524e-07
5.16667e-07
-2.26113e-07
-3.24995e-07
1.83764e-07
2.28938e-06
1.68598e-07
-3.37203e-07
-1.4141e-06
1.45381e-07
4.23576e-08
1.67916e-06
-1.9146e-07
6.50958e-07
-2.78204e-07
-3.11926e-07
-4.75716e-07
-1.44525e-06
3.56129e-07
1.19359e-07
2.1601e-07
3.86841e-08
-2.38419e-07
-4.52995e-06
-3.13669e-06
-1.23116e-06
6.50012e-07
7.17575e-08
-4.01225e-07
-1.34928e-06
-1.85203e-07
8.85333e-08
7.51224e-08
2.11369e-07
-1.01732e-06
2.28213e-07
1.8733e-08
5.58288e-08
-4.42273e-07
2.31738e-07
2.31371e-07
-1.2404e-06
2.6071e-07
-5.9476e-08
1.85913e-06
1.47321e-07
-2.74684e-07
-1.8227e-06
-2.08381e-07
4.91088e-08
-1.11194e-06
-1.57456e-07
1.74997e-07
5.27939e-07
2.59656e-07
2.59539e-07
2.45464e-06
-5.26539e-07
-1.76668e-07
-1.4171e-06
-2.43804e-08
6.33797e-07
-8.8318e-07
2.28043e-07
3.37701e-07
1.75562e-07
2.40305e-07
-1.47657e-07
3.80112e-07
1.65256e-07
-1.12683e-06
-6.09789e-07
2.05257e-07
1.30013e-06
2.14204e-07
5.59259e-07
1.13093e-07
8.65266e-07
-4.10305e-07
4.01276e-07
-1.04517e-06
5.82889e-09
1.02575e-07
-6.72752e-08
-1.25225e-07
-4.61166e-07
6.76093e-07
6.52305e-07
-6.83208e-07
1.25896e-07
-2.54155e-07
-1.29537e-07
1.24467e-06
-9.99336e-07
4.38759e-07
1.75489e-07
-8.52717e-08
-4.49643e-06
-4.40516e-07
2.63005e-06
5.9512e-07
-5.90881e-07
-3.32805e-07
6.51485e-08
8.51209e-07
-1.43654e-06
5.68025e-07
-1.41916e-07
3.29887e-07
2.36563e-07
-1.34975e-06
-1.8077e-07
-1.98279e-07
-1.48443e-06
-5.64985e-08
4.87093e-07
-1.5689e-08
4.26584e-07
-2.69248e-07
6.48489e-07
-1.13933e-07
-2.77098e-07
2.08233e-06
2.29332e-08
-4.3815e-07
2.09398e-06
-3.27946e-07
9.014e-08
-1.25997e-06
-2.33077e-07
-1.65571e-07
8.02277e-07
-4.27073e-08
-9.51786e-08
-2.53545e-07
-8.96858e-08
4.46918e-07
-1.04462e-06
-8.34943e-07
-1.07378e-06
1.76314e-06
-1.02587e-07
1.05694e-07
-1.31076e-06
1.99588e-07
1.93721e-07
5.01446e-07
5.48604e-07
-2.06579e-07
-9.77257e-07
4.09923e-07
4.52932e-07
-1.23066e-07
1.62257e-07
1.76432e-07
-5.813e-07
-3.6541e-08
-5.8672e-08
1.56247e-06
1.41779e-08
4.20115e-07
1.70131e-06
2.94506e-08
3.67995e-07
-2.71746e-06
-2.66168e-07
3.59647e-07
-8.87391e-07
-2.68113e-08
5.9594e-08
2.85227e-07
-6.1774e-08
-5.49756e-08
-9.21069e-07
7.97528e-08
3.42234e-07
1.03676e-06
2.80019e-07
-2.17162e-07
-4.19903e-07
-2.48555e-07
1.87382e-07
-4.51523e-07
1.19391e-07
-3.08372e-07
-1.34018e-06
4.73004e-07
-3.32455e-07
-7.92586e-07
-7.2283e-07
1.87739e-07
2.24365e-06
-4.34198e-07
3.46615e-07
-1.19045e-06
3.95498e-08
-2.63043e-08
1.90176e-06
-1.30761e-07
1.77718e-07
-1.08363e-06
-4.30546e-07
1.72657e-07
8.5963e-07
2.28099e-07
2.69295e-07
-7.46799e-07
3.94739e-07
-1.68359e-07
-4.96812e-07
-2.1839e-07
-2.07126e-06
9.53674e-07
1.95205e-06
4.93601e-07
-1.92598e-06
9.07108e-07
-7.94077e-08
9.95731e-07
3.75752e-07
-1.84774e-06
5.36442e-07
-7.86036e-07
9.36401e-08
1.65024e-06
-6.43119e-07
-1.50563e-08
-2.90101e-07
-2.26748e-07
-4.78485e-08
-1.16637e-06
1.39165e-08
-3.16578e-07
5.07165e-07
-2.86594e-07
-2.63751e-07
2.3768e-06
-2.41734e-07
-2.79998e-08
5.4796e-07
3.69122e-08
8.56241e-07
-4.07956e-07
1.54127e-08
-4.37555e-07
1.97383e-06
-6.37779e-08
-1.72613e-07
-3.18405e-06
-1.0679e-07
-6.20015e-07
-6.51007e-08
-1.36709e-07
3.38592e-08
-1.92193e-06
-6.42953e-07
-4.79333e-07
-1.10986e-06
8.73463e-08
-1.94662e-07
2.03069e-06
-7.93344e-07
-8.08313e-10
-2.01367e-06
1.7619e-07
-1.55029e-08
1.00951e-07
-4.83501e-07
6.00241e-08
2.19329e-06
1.9388e-07
7.07862e-07
-5.48398e-08
1.84894e-07
-5.31589e-07
3.95146e-06
-1.01205e-06
2.12972e-06
-1.38072e-06
3.28535e-07
2.76416e-07
-1.41005e-08
-1.71819e-07
2.14577e-06
1.52737e-06
5.62519e-07
9.0112e-07
-3.73673e-07
5.81411e-07
-1.07894e-06
-1.50347e-06
-3.53573e-08
-6.02606e-07
5.69939e-07
-4.61492e-07

