-4.52779e-07
-2.44684e-06
-1.6407e-06
4.87551e-07
-3.80689e-06
-1.64122e-06
-1.53245e-07
-2.73232e-06
-1.03988e-06
-3.56743e-07
-1.52969e-06
-6.39073e-07
-2.78771e-06
1.77992e-06
-3.36932e-06
-1.64315e-06
-3.92227e-07
-3.05763e-06
4.99883e-07
-1.25424e-06
-1.60539e-06
1.54998e-06
-1.61303e-06
-1.38178e-06
-1.78282e-07
-1.3833e-06
-1.68497e-06
-2.90753e-08
4.18203e-07
-1.39703e-06
0.0156173
-0.0305643
0.00325781
-2.15955e-06
-4.4335e-06
-1.83402e-06
4.67176e-08
-4.76073e-06
-1.67065e-06
-1.07573e-07
-3.03351e-06
-1.01106e-06
4.85562e-07
-2.29391e-06
-4.49207e-07
-1.66556e-06
-2.24981e-07
-1.25515e-06
6.27797e-07
-3.15279e-06
-1.46065e-06
-1.72088e-06
-6.24362e-07
-2.11295e-06
-3.67598e-06
-1.32316e-06
-3.1617e-06
3.85834e-07
-2.15986e-06
-8.81065e-07
-0.017568
-0.00499069
0.00732785
-1.60259e-06
-1.28951e-06
-1.15165e-06
-4.17614e-07
-2.64822e-07
-2.46026e-06
-9.88498e-07
-2.05914e-06
-1.98228e-06
4.03478e-07
-1.48491e-06
1.27356e-07
-1.23242e-06
-2.65234e-06
-1.9313e-06
-1.11457e-06
-2.23038e-06
-1.61201e-06
-1.24574e-07
-1.40114e-06
-2.08362e-06
6.67885e-07
-8.06879e-07
-2.17474e-06
-1.18569e-06
-7.65086e-07
-2.02668e-06
-3.8793e-07
-3.35108e-06
-2.17653e-06
6.63409e-07
-2.13582e-06
-4.25355e-07
-1.69402e-06
-1.78142e-06
-9.78655e-07
3.8381e-07
-1.30767e-06
-9.41506e-07
2.69132e-07
-2.23113e-06
-6.31697e-07
-4.73742e-07
-1.71528e-06
-7.00859e-07
1.34588e-06
-1.78782e-06
-1.19572e-06
-0.146511
-0.0649297
0.123255
-2.35933e-07
-3.00436e-06
-2.08094e-06
-9.57116e-08
-2.13578e-06
-1.03029e-06
-2.57843e-07
3.38495e-07
-8.6231e-07
1.38307e-06
-1.01983e-06
-1.15898e-06
-1.19104e-06
2.76697e-07
-2.22133e-06
-1.63409e-06
-9.07976e-07
-3.69756e-06
-1.1977e-06
-7.05848e-07
-8.61667e-07
-4.43319e-07
-1.95764e-06
-1.52329e-06
1.28996e-06
-2.33585e-06
-1.32869e-06
4.4003e-07
-1.62018e-06
-1.40877e-06
-2.76392e-06
-1.68652e-06
-2.21456e-06
-9.01749e-07
-2.00758e-06
-2.15719e-06
-4.81506e-07
1.66918e-07
-1.94335e-06
-3.21208e-07
-1.4307e-06
-1.71983e-06
2.77503e-06
5.49268e-07
-1.49072e-06
7.93755e-07
2.00595e-07
-1.24853e-06
-0.0302287
-0.0141908
0.0105139
-4.1666e-07
2.16122e-07
-1.34843e-06
8.35028e-08
-2.09201e-06
-2.14406e-06
1.07679e-06
-1.41204e-06
-3.74818e-07
-8.44054e-08
-7.08451e-07
-3.74583e-07
-3.51614e-07
-8.89147e-07
-1.45661e-06
-7.34021e-07
-4.57599e-07
-1.94115e-06
-4.89052e-07
-1.36784e-06
-1.90339e-06
0.00442128
-0.0557825
0.0121651
2.96135e-08
-5.38676e-07
-2.36749e-06
-1.18476e-06
-2.63088e-06
-1.42916e-06
4.6468e-08
-8.75757e-08
-2.45941e-07
4.38478e-07
-1.83912e-06
-1.37921e-06
5.3966e-07
-1.7617e-06
-1.81718e-06
1.19065e-06
-2.66756e-06
-1.23033e-06
2.16116e-06
-3.94594e-07
-2.92456e-07
7.2081e-08
-1.68978e-06
-1.63685e-06
1.25087e-08
-1.7638e-06
-7.12101e-07
-1.7387e-06
-2.02667e-06
-1.28829e-06
-7.93645e-07
-2.66722e-06
-2.10567e-06
-2.65825e-07
-1.25716e-07
-1.32655e-06
-2.46408e-06
3.62317e-08
-1.78188e-06
-1.19278e-06
-2.52909e-06
-1.40432e-06
-2.08297e-06
-1.70616e-06
-2.07166e-06
9.41062e-07
-6.85286e-07
-7.64606e-07
3.43544e-09
-3.80326e-07
-2.74292e-06
-8.70812e-07
1.71163e-07
-2.17472e-06
-9.10395e-07
-2.29398e-06
-1.36883e-06
1.0799e-06
-1.99283e-06
-6.5878e-07
-2.40924e-06
-2.24396e-06
-1.60523e-06
1.4306e-07
-2.81098e-06
-2.36156e-06
-8.4059e-07
-1.65926e-06
-2.26052e-06
-1.49951e-06
-2.28814e-06
-2.41112e-06
1.2052e-06
-1.94883e-06
-1.68923e-06
-5.15028e-07
-2.41358e-07
-1.26929e-06
-2.76445e-06
-1.50971e-06
-2.03112e-06
1.58355e-06
-2.85012e-06
-4.03787e-07
-1.86501e-06
-2.73034e-06
-1.54248e-06
1.18359e-07
-4.67121e-07
-2.09246e-06
-1.1379e-07
2.10911e-07
-8.34269e-07
-2.48956e-07
-1.31234e-06
-1.24303e-06
6.89349e-07
-1.79185e-06
-9.47336e-07
1.20328e-06
-1.22952e-06
-3.45752e-07
-2.82203e-07
-1.32398e-06
-1.36534e-06
-8.16122e-07
-3.48788e-07
-2.29803e-06
-7.90383e-07
-2.89711e-07
-2.43758e-06
0.144506
-0.0364335
0.125037
0.0219947
-0.0105142
0.027451
-1.16891e-07
-1.84738e-06
-9.68833e-07
-0.168845
-0.14209
0.221445
4.08304e-07
-1.24578e-06
-8.54541e-07
1.04011e-06
-2.25662e-06
-4.92013e-07
-1.71821e-06
-2.78818e-06
-1.45579e-06
-1.40586e-06
-2.13772e-06
-1.9172e-06
-9.50596e-07
-1.16492e-06
-1.52867e-06
-4.97785e-07
-1.26589e-06
-2.18649e-06
-4.09979e-07
-1.39963e-06
-6.20011e-07
-6.02363e-07
-2.03537e-06
-1.05542e-06
-2.26649e-06
-1.32028e-06
-1.67916e-06
-2.89408e-06
-2.67387e-06
-1.73079e-06
2.41228e-06
1.73464e-06
-1.2043e-06
-1.9712e-06
-2.00149e-06
-5.42925e-07
4.52894e-07
-1.41928e-06
-1.6873e-06
9.38564e-07
-7.94657e-07
-4.64614e-08
-1.45507e-06
-2.47579e-06
-7.95434e-07
-2.60926e-06
-2.09121e-06
-1.22401e-06
-1.78788e-06
-3.71497e-06
-1.32178e-06
2.02814e-07
-3.01712e-06
-4.78514e-06
4.11995e-07
-2.60107e-06
-2.30422e-06
1.00607e-06
-8.84666e-07
-2.43535e-06
-0.046352
-0.01932
0.139534
8.38019e-07
-1.65296e-06
-1.12062e-07
-2.91468e-07
-2.67604e-06
-2.35324e-06
9.97058e-07
-6.14898e-07
-9.62559e-07

-9.55852e-07
-1.22271e-06
8.76719e-07
1.74814e-06
-1.79023e-06
1.28045e-06
-1.11763e-06
-1.41681e-06
1.19949e-06
-1.13709e-06
-1.46167e-06
1.2179e-06
-6.31118e-06
5.01793e-07
-7.51199e-07
-2.39746e-06
-3.21316e-07
-1.56986e-06
5.5623e-07
-2.46143e-06
8.6884e-07
3.01138e-07
9.07679e-07
2.60243e-07
-1.49733e-06
-1.00612e-06
2.74063e-07
-3.57376e-07
1.60487e-06
1.98406e-07
-0.0206689
-0.00773638
0.0264912
-3.24814e-06
-3.82259e-06
6.87038e-07
-1.7967e-06
-1.97536e-06
1.18527e-06
-4.04779e-07
-1.05447e-06
8.21849e-07
7.47952e-07
-4.03875e-06
1.24361e-06
-2.12923e-06
1.37056e-06
5.00672e-07
2.30216e-07
-2.41025e-06
1.55088e-06
-2.74799e-06
-3.26941e-06
9.64496e-07
-4.69076e-06
-8.17523e-07
-1.3768e-06
6.77441e-07
-1.83797e-06
2.32743e-06
0.00515594
-0.0189866
-0.000563947
-3.10867e-06
-6.75764e-07
4.7263e-07
-1.49623e-06
-1.2233e-06
-2.06856e-06
-2.12816e-06
-3.00907e-06
1.51385e-06
-1.34489e-06
-1.29207e-06
2.03013e-06
-2.34639e-06
-3.54835e-06
1.03644e-06
-2.70771e-06
-5.1963e-06
1.07609e-06
-9.57975e-07
-3.93311e-08
-2.60365e-06
4.71115e-07
-1.72068e-07
-7.18524e-07
-3.18788e-06
2.39782e-06
-2.06587e-07
-7.13289e-07
-1.54698e-06
3.7145e-07
4.18448e-07
-1.7638e-06
1.35282e-06
-1.78636e-06
-1.83176e-06
1.0529e-06
-1.65529e-07
-2.70917e-06
1.94563e-06
8.15745e-08
-3.68297e-06
1.15112e-06
2.03401e-07
-1.1766e-06
-2.34079e-07
1.65612e-06
-1.57442e-06
1.2705e-06
-0.0292854
-0.16052
-0.119368
6.15626e-08
-2.78789e-06
5.74053e-07
3.43999e-08
5.21973e-08
1.44354e-06
-3.35622e-08
-1.60856e-06
1.19785e-06
-4.63205e-07
2.70283e-07
5.55199e-07
-1.80871e-06
-2.26645e-07
-1.22007e-06
-2.89343e-06
4.13489e-07
-1.44528e-06
-2.16909e-06
-1.56647e-06
4.20656e-07
-1.38371e-06
-4.27646e-07
1.33857e-06
1.10326e-06
-6.67061e-07
1.49952e-06
-1.12709e-06
-1.64263e-06
5.9183e-07
-3.96159e-06
-1.22279e-06
-7.00884e-07
-1.05915e-06
-8.74384e-07
-3.8332e-07
-2.02895e-06
-1.89593e-07
-1.45729e-07
-1.67139e-06
-2.27744e-06
1.25168e-07
1.40169e-06
3.70981e-07
-6.49435e-07
3.44991e-07
4.14935e-07
-2.71109e-08
0.0164572
-0.0302022
0.0065559
-1.62484e-06
-4.075e-08
6.41351e-07
-2.21083e-06
-7.42354e-07
4.17841e-07
1.72334e-06
-1.11191e-06
1.59286e-06
7.37068e-07
-5.66844e-07
2.01554e-06
-8.61014e-07
-6.75855e-07
-5.33881e-07
-2.8459e-06
-1.78806e-06
3.54023e-07
-1.46249e-06
-1.55305e-06
5.86581e-09
-0.0508895
0.00168454
0.0262067
-8.70734e-07
1.52209e-06
5.28833e-08
-2.67398e-06
-2.53933e-06
2.18795e-06
-9.77476e-07
1.31085e-07
6.69599e-07
-1.10571e-06
-1.55587e-06
1.10946e-06
8.02987e-07
-8.48765e-07
2.73447e-07
5.31562e-07
7.64977e-07
-1.74535e-07
3.29893e-06
-6.94744e-07
5.66148e-07
-4.99797e-07
-3.09993e-06
3.02362e-07
-1.42314e-06
-1.01951e-06
1.90785e-06
-3.12497e-06
-1.20668e-06
4.31234e-07
-2.1288e-06
-1.46883e-06
-1.2114e-07
6.94146e-07
-7.46798e-08
-2.21976e-07
-4.02093e-06
1.3873e-06
2.12235e-06
-1.606e-06
-4.42624e-06
1.27796e-06
-3.2325e-06
-1.11311e-06
6.78723e-07
-4.82897e-07
-4.08797e-06
2.76037e-07
-1.11846e-06
1.66437e-06
-1.46948e-06
-1.57182e-06
8.068e-07
-1.27752e-06
-2.38372e-06
-6.88003e-07
8.75269e-07
7.08766e-07
-1.4622e-06
1.07808e-06
-3.25906e-06
-3.78545e-06
6.87031e-07
-8.39068e-07
-9.40039e-07
1.41047e-07
-1.60697e-06
-1.66828e-06
3.17916e-07
-2.69595e-06
-2.03309e-06
-4.45673e-07
-7.52211e-08
-8.91129e-07
1.04855e-06
-1.71335e-06
3.18536e-07
-3.38481e-07
-3.8451e-06
-2.35724e-07
7.7523e-07
1.33231e-06
-1.25842e-06
9.98816e-07
-1.96415e-06
-6.59093e-07
6.58868e-07
-1.80541e-06
-1.04009e-06
-8.7028e-07
-8.85547e-07
6.86826e-07
3.08876e-06
-2.65602e-07
-1.53692e-06
-6.11573e-07
1.78346e-07
-2.05099e-06
1.59952e-06
1.52564e-06
4.78194e-08
1.39655e-06
-1.69989e-06
-1.09298e-06
4.35879e-07
-1.8047e-06
-1.3866e-06
-6.92035e-07
-9.07805e-07
5.63867e-08
-4.62978e-07
0.062926
-0.143992
-0.114676
-0.0153395
0.0251456
0.0219189
1.17088e-07
-2.75152e-06
1.29571e-06
0.16423
-0.262489
-0.0431996
-4.62996e-07
-2.97502e-06
9.54355e-07
1.37452e-06
-1.18676e-06
1.6785e-06
-2.12454e-06
-2.4145e-06
8.48577e-07
-1.73072e-06
-1.82638e-06
6.98963e-07
3.78371e-07
-3.27322e-06
5.55286e-07
-9.03841e-07
-1.95486e-06
4.51916e-07
-2.01063e-06
-1.80708e-07
9.16148e-07
-5.07933e-07
-4.66233e-06
1.53444e-06
-4.28631e-06
7.94148e-08
1.54115e-07
-1.83846e-06
-1.61334e-06
8.50407e-07
9.54634e-08
-1.32064e-07
-5.16832e-07
-1.98092e-06
-2.52336e-07
1.62488e-06
6.20435e-07
-2.42178e-06
2.30281e-06
1.60019e-06
2.78963e-07
1.7099e-06
-1.1899e-06
-2.79856e-06
2.14699e-06
-3.71574e-06
-2.09948e-06
8.33157e-07
-2.61127e-06
-3.8792e-06
1.02029e-06
-1.50717e-06
7.42771e-08
-3.40948e-06
-6.67852e-07
-1.2815e-06
-7.40971e-10
-2.0985e-08
1.09501e-06
-8.52468e-07
-0.134587
-0.0373127
-0.0498711
-1.02981e-06
-3.01677e-06
6.78897e-07
-3.3388e-07
1.06011e-06
3.11639e-07
4.85108e-07
-1.67296e-06
1.29115e-06

