-2.52763e-10
4.08679e-09
2.12467e-09
-5.99991e-09
7.21324e-09
1.62517e-09
-3.1784e-10
3.98852e-09
1.03828e-09
3.35096e-10
4.88077e-09
9.50342e-10
9.06981e-09
-3.44097e-09
4.66845e-09
3.22053e-09
2.64034e-10
4.51831e-09
-3.3061e-09
3.63018e-09
5.92488e-10
-5.13665e-10
1.9967e-09
1.60112e-09
8.47694e-10
4.04651e-09
1.86225e-09
2.15258e-09
-1.33997e-09
1.19991e-09
-5.90664e-10
-2.19784e-09
9.92972e-10
7.47828e-09
4.93054e-09
6.10403e-10
-2.34674e-09
9.14288e-09
1.42873e-09
-7.08681e-10
3.84406e-09
1.96217e-09
3.69031e-10
3.11106e-09
3.78663e-10
3.1503e-09
-7.71985e-10
2.87766e-10
-4.56931e-09
3.86542e-09
1.53585e-10
6.13549e-09
4.45958e-09
9.2493e-10
8.78151e-09
3.47559e-09
3.14424e-09
-3.48455e-09
4.30564e-09
9.58111e-10
-5.23099e-09
2.90515e-09
1.00098e-09
1.81261e-09
2.62784e-09
8.04526e-10
1.12708e-09
2.23053e-09
7.75667e-09
9.51297e-10
6.6481e-09
1.98918e-09
-6.75161e-10
2.41001e-09
1.93536e-09
4.02461e-09
5.59311e-09
1.95124e-09
3.61105e-09
6.00636e-09
8.7025e-10
7.68954e-10
1.61631e-09
2.19095e-09
-2.22785e-09
-1.86582e-09
2.08641e-09
4.39939e-09
-1.40261e-10
2.07576e-09
3.87531e-10
3.79642e-09
3.93156e-09
-3.88293e-09
3.67909e-09
-3.56594e-10
4.64528e-09
2.8965e-09
1.32878e-09
-1.25913e-09
3.49518e-09
-6.54169e-10
7.29686e-10
2.81906e-09
1.22999e-09
-1.49588e-09
2.05116e-09
3.00509e-09
-6.17291e-09
3.40065e-09
6.11405e-10
-8.70532e-10
5.72549e-10
6.60578e-10
-1.59539e-09
6.25206e-09
2.12132e-09
-1.26627e-09
1.04709e-09
-7.91598e-11
-2.45202e-09
9.86844e-10
-3.94963e-10
-7.72187e-10
5.24068e-09
5.30091e-10
4.91186e-10
8.51831e-10
3.69256e-09
6.14625e-09
1.41987e-09
8.04097e-09
3.06469e-09
1.65947e-09
1.45205e-09
1.31956e-09
2.85337e-09
8.14894e-10
-7.14372e-09
4.92067e-09
8.93444e-10
-1.22221e-09
3.34481e-09
1.04381e-09
6.41104e-09
1.43917e-09
8.63639e-10
1.69386e-09
3.25852e-09
2.31623e-09
-2.54359e-09
1.44424e-09
1.35617e-09
1.0193e-09
2.46335e-09
3.21179e-09
-3.83092e-09
-6.18494e-10
1.65826e-09
4.12331e-10
-1.01976e-09
1.64272e-09
-8.13173e-09
4.07257e-09
2.54446e-09
2.51821e-09
-1.85909e-10
3.32395e-10
1.26928e-10
3.12292e-09
2.10417e-09
-5.8336e-09
2.9782e-09
-1.02716e-09
2.21126e-10
1.04647e-09
1.12495e-09
2.79867e-09
1.16921e-09
2.10956e-09
4.43458e-09
1.55847e-09
3.96765e-09
1.74752e-09
3.61569e-09
2.96801e-09
3.33362e-09
-4.46767e-09
5.00906e-10
-9.24455e-10
3.48439e-09
2.23087e-09
3.06968e-09
2.91842e-09
-1.32504e-09
-5.36225e-09
1.10559e-09
-1.27701e-09
-4.5234e-10
3.07685e-09
3.72284e-10
-5.36082e-09
3.30231e-09
2.67558e-09
-1.41656e-09
5.15326e-09
3.25908e-09
-7.38883e-09
6.97749e-10
-2.31558e-10
2.77649e-11
3.96397e-09
3.84181e-09
-1.61042e-09
2.48132e-09
2.10311e-10
3.12804e-09
4.96805e-09
3.43817e-10
1.75596e-09
4.05632e-09
3.71516e-09
-2.29913e-09
-1.45548e-09
1.52577e-09
6.62018e-09
2.46591e-10
2.68324e-10
4.682e-09
5.7638e-09
5.858e-10
6.28949e-09
3.95782e-09
-1.91896e-10
-2.32644e-09
3.86452e-09
1.05927e-09
6.0859e-10
4.9798e-10
2.94279e-09
2.79981e-09
-4.32717e-10
2.91254e-09
2.37848e-09
3.72459e-09
3.10169e-10
-4.10057e-09
2.31287e-09
8.18087e-10
7.79019e-09
5.06957e-09
6.29262e-10
-2.34496e-09
4.98322e-09
3.135e-09
2.26984e-10
3.42698e-09
2.60202e-09
4.27269e-09
3.57942e-09
2.19227e-09
-3.78364e-09
3.03206e-09
9.18497e-10
-1.39413e-09
1.46821e-09
4.80006e-10
7.51959e-09
2.72618e-09
7.78734e-10
-6.80182e-09
3.61694e-09
-1.48396e-10
5.99423e-09
4.16216e-09
2.06018e-09
3.34191e-09
2.01883e-09
2.74563e-09
4.6327e-10
-1.10356e-09
6.41272e-10
-1.22892e-09
1.66618e-09
1.68244e-09
-2.00312e-09
2.78754e-09
1.65716e-09
-5.95529e-09
2.5652e-09
4.54512e-10
1.85831e-10
3.16986e-09
5.64455e-10
1.56465e-09
1.57888e-09
4.46349e-09
-1.19497e-09
1.5938e-09
3.24343e-09
-1.45879e-09
5.69393e-09
5.74239e-09
-1.03922e-09
3.79348e-09
4.89879e-09
-1.21603e-09
1.30479e-09
2.12419e-09
-3.65793e-09
1.21532e-09
2.75374e-09
-8.58306e-10
7.62994e-10
1.72949e-09
-5.7291e-09
2.99462e-09
-9.26396e-10
5.909e-09
5.4164e-09
1.82462e-09
3.73676e-09
3.45848e-09
1.51953e-09
9.9229e-10
2.19834e-09
1.83702e-09
1.12308e-09
3.87163e-09
2.342e-09
1.43611e-09
2.02828e-09
4.33132e-11
1.15364e-09
3.0549e-09
3.98212e-10
7.27479e-09
3.76892e-09
9.37352e-10
7.17751e-09
3.26704e-09
1.0257e-09
-3.65963e-10
-9.62334e-10
1.98683e-09
6.51383e-09
1.70854e-09
-1.26632e-09
-2.96637e-09
2.31195e-09
8.82996e-10
-6.21288e-09
1.96234e-09
-1.0839e-09
3.39959e-09
1.19931e-09
2.09887e-10
6.64393e-09
3.47538e-09
2.22065e-10
4.45934e-09
5.21325e-09
1.46698e-09
-2.05488e-09
2.45688e-09
1.23906e-08
-3.16429e-09
3.72211e-09
3.40044e-09
-2.19068e-09
8.14189e-10
3.48589e-09
-1.65669e-09
2.65668e-09
3.79648e-09
-3.57402e-09
3.11976e-09
1.5751e-09
-2.83021e-09
2.24864e-09
3.04388e-09
-3.90031e-09
2.27432e-09
8.16342e-10

2.27423e-09
4.69692e-09
-2.02045e-09
5.69579e-11
3.57216e-09
-3.30813e-09
2.44512e-09
4.84531e-09
-4.19645e-09
2.85169e-09
5.67026e-09
-3.10925e-09
1.21799e-08
-3.13153e-09
-2.86148e-10
5.74033e-09
1.63828e-09
1.53261e-09
-1.76579e-09
4.71463e-09
-3.0674e-09
2.38302e-09
-4.2509e-10
-2.39722e-09
2.94144e-09
5.14681e-09
-1.63639e-09
1.63639e-09
2.21758e-09
-1.38965e-09
-7.85237e-10
1.91102e-09
-2.363e-09
7.66521e-09
5.80175e-09
-2.84152e-09
1.75439e-09
1.75294e-09
-3.8706e-09
1.63832e-09
5.03556e-09
-2.32464e-09
-3.79131e-10
8.54301e-09
-2.93156e-09
3.64451e-09
-1.54353e-09
-2.62335e-09
-1.7011e-09
4.63122e-09
-4.32697e-09
7.40034e-09
5.56093e-09
-3.23425e-09
1.0263e-08
4.28427e-09
1.39479e-10
1.36065e-09
3.78084e-09
-4.61636e-09
-1.4392e-09
4.16352e-09
-3.09585e-09
3.99232e-09
3.6848e-09
-2.34559e-09
3.29167e-09
2.86215e-09
2.69025e-09
5.01036e-09
5.78443e-09
-3.64984e-09
2.34549e-09
4.69517e-09
-4.42069e-09
6.19005e-09
6.69443e-09
-3.02031e-09
5.27328e-09
6.91937e-09
-3.40368e-09
1.8207e-09
3.4418e-09
8.14856e-10
-1.30935e-09
1.66111e-09
-2.70458e-10
6.08855e-09
3.83419e-10
-9.39374e-10
1.64304e-09
4.98674e-09
-8.78473e-10
-1.57502e-09
4.64799e-09
-4.26429e-09
4.00402e-09
5.80299e-09
-3.74062e-09
3.12131e-10
4.50515e-09
-4.69292e-09
-5.52276e-10
7.48079e-09
-2.60888e-09
-2.09012e-09
5.30497e-09
-6.94178e-10
-4.33528e-09
4.84639e-09
-3.38964e-09
3.18829e-09
2.66486e-09
-2.92745e-09
3.37691e-09
2.98266e-09
-2.47848e-09
2.7372e-09
2.2557e-09
-4.05499e-09
-5.10339e-10
2.09749e-09
-3.00034e-09
2.67766e-09
3.58493e-09
-2.78756e-09
2.04423e-09
2.787e-09
5.48993e-10
6.28286e-09
3.88743e-09
2.25061e-09
3.01788e-09
3.19031e-09
-2.02142e-09
3.7663e-09
4.012e-09
-3.54989e-09
-2.99519e-09
4.86796e-09
-3.42185e-09
2.41112e-09
4.42351e-09
-2.80477e-09
8.61531e-09
2.47479e-09
-1.1769e-09
1.92626e-09
4.90599e-09
-4.16759e-10
1.73125e-09
2.22881e-09
-1.89161e-09
3.93958e-09
5.30214e-09
-2.23256e-09
7.35953e-11
-1.53835e-11
-1.02878e-09
1.69752e-09
1.2069e-09
-1.66978e-09
-4.04586e-09
4.80192e-09
-4.71436e-10
2.4615e-09
2.59668e-09
-2.54709e-09
4.28976e-09
3.8836e-09
-2.25128e-09
-4.461e-09
4.58906e-09
-4.05362e-09
-9.93376e-10
2.09165e-09
-4.83878e-09
2.34862e-09
3.43782e-09
-5.06011e-10
6.7711e-09
3.8662e-09
-1.99792e-09
2.36454e-09
5.07421e-09
-9.66781e-10
3.95512e-09
-2.55878e-09
-2.45713e-09
2.33701e-09
2.60891e-10
-1.39348e-09
6.13752e-09
4.42874e-09
-5.19427e-09
-1.22618e-09
3.06827e-09
-3.37238e-09
3.40064e-09
4.37096e-09
-3.35436e-09
-2.15477e-09
4.37148e-09
-1.15463e-09
1.63914e-11
-4.40663e-10
-6.66154e-10
-6.62281e-09
2.72088e-09
-8.21749e-10
1.49607e-09
5.16901e-09
-1.19349e-09
3.31024e-09
1.88264e-09
-4.25981e-09
7.01074e-09
5.76606e-09
-2.99537e-09
4.64283e-09
4.97207e-09
-7.25788e-10
-2.37265e-09
2.60103e-09
-9.98212e-10
8.46672e-09
1.49667e-09
-3.58962e-09
5.75657e-09
6.77718e-09
-3.6878e-09
7.13202e-09
4.95805e-09
-3.21735e-09
1.16098e-09
7.44926e-09
-2.03446e-09
3.71825e-09
7.81234e-10
3.78478e-10
2.37363e-09
1.44149e-09
8.66651e-10
5.17164e-09
4.55356e-09
-3.25216e-09
-1.11956e-09
4.14224e-09
-2.98471e-09
7.26991e-09
5.87212e-09
-2.97157e-09
2.46122e-09
4.47364e-09
-1.08061e-09
2.86044e-09
3.76996e-09
-1.82577e-09
5.54184e-09
4.23601e-09
-1.05472e-09
-4.74827e-11
4.31096e-09
-3.13906e-09
3.6265e-09
2.53274e-09
-2.02711e-09
7.74512e-09
3.10861e-09
-2.72937e-09
-4.49674e-09
4.55475e-09
-3.52521e-09
5.51263e-09
5.22203e-09
-2.16385e-09
6.66967e-09
4.39514e-09
-4.20982e-10
2.26453e-09
1.82232e-09
-5.7116e-09
-1.07472e-09
5.74839e-09
4.76083e-10
5.16066e-10
3.91212e-09
-3.4074e-09
-3.66715e-09
4.01395e-09
-3.38994e-09
3.06031e-09
4.31329e-09
-2.85032e-09
3.24154e-09
3.95992e-09
-8.04043e-10
1.40202e-09
1.84579e-09
6.68937e-10
-9.69792e-10
1.80271e-09
-1.85061e-10
-6.45011e-10
-3.87894e-10
-3.27432e-09
-4.29776e-10
5.10536e-09
-3.55799e-09
8.18385e-10
5.02475e-09
-3.00474e-09
-1.19774e-10
4.93279e-09
-2.26234e-09
-4.11038e-09
4.22662e-09
-4.21394e-09
5.57035e-09
6.40471e-09
-2.41468e-09
4.6814e-09
4.48443e-09
-2.39593e-09
-5.30296e-10
5.30349e-09
-1.64e-09
1.39992e-09
5.13933e-09
-1.90232e-09
1.93562e-09
6.05124e-09
-2.56158e-09
2.0524e-09
9.3248e-09
-4.14183e-09
9.28477e-09
4.18811e-09
-2.02563e-09
5.45863e-09
6.037e-09
-2.94893e-09
1.16849e-09
2.31087e-09
-3.70527e-10
4.56726e-09
4.77934e-09
-4.40761e-09
-1.4116e-09
4.84546e-09
-4.60928e-09
-4.60081e-09
4.92455e-09
-4.70382e-09
3.04831e-09
5.08032e-09
-4.38453e-09
7.45234e-09
4.01342e-09
-3.33005e-09
4.88452e-09
6.17448e-09
-3.32422e-09
3.49687e-09
-5.5805e-10
6.87375e-09
1.1345e-09
1.11306e-09
-1.28916e-09
1.84821e-09
-2.29041e-09
-4.55559e-10
5.19673e-09
1.51205e-09
-4.02748e-09
2.0549e-09
4.35348e-09
-2.76866e-09
1.83179e-09
2.3505e-10
-1.49857e-09
-9.16282e-10
3.72208e-09
-3.23873e-09

