-0.00231286
0.00157397

0.00242782
0.00246034

-0.00198047
-0.00398234

0.00269152
0.00283741

0.00286077
-0.00040906

-0.00385451
-0.00361607

-0.00239631
0.00232059

0.00215333
0.00260684

-0.00395457
-0.00310055

-0.00278522
0.00207457

0.00224281
0.0027098

-0.00517865
-0.00196625

0.00294834
0.00108817

0.000684149
-0.00134864

-0.00455403
-0.00161494

-0.00120734
0.0018818

0.00427422
0.00177478

-0.004021
-0.000964009

-0.00388746
0.00167496

0.00218383
0.00305041

-0.00481545
-0.00173573

-0.00181582
0.003358

0.00717832
-0.00133635

-0.00577998
0.000306161

-0.00185434
0.00264421

0.00206705
0.00267719

-0.00397856
-0.00226026

-0.00344019
0.00118614

0.00428969
0.00297644

-0.0044347
-3.18087e-06

0.00207705
-0.00164977

0.00480124
0.00313986

-0.00360636
-0.00112871

0.00210793
0.000376722

0.00253145
0.00182142

-0.00445961
-0.00227692

-0.00019954
0.00157742

0.00436418
-0.00291786

-0.00417685
-0.00367702

-0.00153617
0.00246422

0.001897
0.00289046

-0.00420911
-0.00237533

-0.00277522
0.00195472

0.00253512
0.00570832

-0.00363507
-0.000819557

-0.00280991
0.00113451

0.00510019
-0.000876948

-0.00382928
-0.00104882

-0.00388264
0.00242152

0.0025224
0.00264024

-0.00467447
-0.00246092

0.00183459
0.00141063

0.00219633
0.00173295

-0.00421185
-0.0030976

0.00109695
0.00107132

0.00458036
3.35033e-05

-0.00490213
-0.00114815

0.000621763
0.00276626

0.00332515
0.0010749

-0.00325297
-0.00400286

-0.00491343
0.00419053

0.00045886
0.00483898

-0.00477598
-0.00215798

-0.00404889
0.00305927

0.00324417
0.00225427

-0.00519647
-0.000891708

0.00157395
6.53892e-05

0.00455521
0.00247562

-0.00528909
-0.00069161

-0.00200097
0.00198979

0.00398181
0.00130479

-0.00325342
-0.00380281

-0.000692687
0.00284053

0.00206601
0.00391076

-0.00299027
-0.00506277

-0.000660338
0.00162347

0.00245807
0.00205525

-0.0032528
-0.0035799

-0.000773724
0.00110604

0.00242925
0.00197049

-0.00464308
-0.00224869

-0.00271879
0.00203005

0.0031667
0.00301878

-0.00616172
0.00243352

0.00206467
-0.000574746

0.00500072
0.00250032

-0.0040068
4.11127e-05

-0.0011232
0.00132383

0.00349903
0.0012797

-0.00318303
-0.00177605

-0.00205396
0.0016875

0.00205477
0.00291349

-0.0032691
-0.00291151

-0.00407758
0.00249021

0.00202145
0.00315623

-0.00518981
-0.00186023

1.32353e-05
-0.000461275

0.00225927
0.00378804

-0.00416744
-0.0026259

-0.00353804
0.00186343

0.00173677
0.00314261

-0.0043854
-0.00216442

-0.00194671
0.000756022

0.00270705
0.0050058

-0.0046987
-0.00103276

-0.00606878
0.00196782

0.0034368
0.00368195

-0.00410982
-0.00132457

-0.0047085
0.00170166

0.00158139
0.00411085

-0.00518648
-0.00183867

-0.00710487
0.0084823

-0.000903927
0.0060087

-0.00490755
-0.00147979

-0.000794713
0.00364109

0.00337421
-0.000397819

-0.00473538
-0.00224813

-0.00540217
0.00775863

0.000203023
0.00380299

-0.00426618
-0.00327801

-0.00360478
0.00343312

0.00354265
0.00208369

-0.00465343
-0.000500673

-0.0028255
0.00114935

0.00858749
0.00097481

-0.00597669
0.000201566

-0.0053672
0.00322311

0.00335569
0.00328759

-0.00436347
-0.000484751

-0.00067952
0.0025319

0.00345611
0.00283149

-0.00341314
-0.00120645

-0.003875
0.00156657

0.00304844
0.00274566

-0.00410231
-0.00156592

-0.00381015
0.00411638

0.00171368
0.00310561

-0.00473411
-0.00224208

-0.0039453
0.00245326

0.00251846
0.00319728

-0.00419317
-0.00274089

-0.00413755
0.00507761

0.00127133
0.00354703

-0.00380334
-0.0027069

6.85834e-05
0.00254113

0.00427409
0.00070696

-0.00586768
-0.000505753

-0.00236094
0.000808616

0.00182884
0.0033466

-0.00360751
-0.00138075

-0.00638511
0.00522998

0.0031616
0.00285747

-0.00516676
-0.000661229

-0.00132435
0.00281009

0.0031096
0.00357102

-0.00365343
-0.00116135

-0.000309384
0.00252015

0.00640275
0.000723432

-0.00582213
0.000639443

-0.00302177
0.00244866

0.00518699
0.00200799

-0.00438861
-0.000923944

-0.00975548
0.005458

0.00443099
0.00501475

-0.0046235
-0.000885113

-0.00442116
0.00263302

0.00395617
0.00300629

-0.00447105
-0.000323068

-0.00180888
0.0041244

0.00201744
0.00238885

-0.0033875
-0.00329822

-0.00547374
0.00191265

0.0013394
0.00423574

-0.00550077
-0.000845665

-0.00344219
0.000115661

0.00303034
0.00204255

-0.00083848
-0.00454188

-0.00390917
0.00141998

0.00325729
0.00289882

-0.00437373
-0.000423884

-0.00136853
0.00312787

0.00286112
0.00308154

-0.00469226
-0.00284936

-0.00294325
0.0017351

0.00177849
0.00332065

-0.00398895
-0.00215819

-0.00288843
0.00478662

0.00274684
0.000544005

-0.00609865
0.000166764

-0.00224561
0.00278059

0.0061128
-0.000714443

-0.0058055
-0.00111735

0.000953319
0.00231327

0.00148733
0.00253636

-0.00408975
-0.00388447

-0.00834973
0.00524295

0.00190093
0.00520247

-0.00596297
0.000382645

-0.00391491
0.00576984

0.00119118
0.00364143

-0.00473439
-0.00212789

-0.00603238
0.00370093

0.00174175
0.00407602

-0.00376663
-0.00189234

-0.00335782
0.0030756

0.00830686
-0.00345089

-0.00611541
0.000366441

-0.00582001
0.00178245

0.00257533
0.00391486

-0.00328544
0.000944834

-0.00217067
0.00205724

0.0017535
0.00298986

-0.00269102
-0.00389708

-0.00556381
0.00592004

0.00326173
0.0017646

-0.00705187
-0.000377024

-0.0041619
0.00384727

0.00367126
0.00225936

-0.005812
-0.000583058

-0.00243053
0.00353753

0.00226478
0.00243677

-0.00347499
-0.00293675

0.0037942
-0.00267189

0.004395
0.00338794

-0.00373698
-0.000699817

0.000793733
0.00077053

0.00374488
0.00149408

-0.00169553
-0.00314427

0.000217543
0.00120756

0.00218547
0.00200251

-0.00476532
-0.00248305

0.00216247
7.52569e-05

0.00228322
0.00207769

-0.00545817
-0.00149488

-0.00359661
0.0042105

0.00391205
0.00414784

-0.00523332
0.00115374

-0.00323169
0.00342602

0.00537886
0.00119089

-0.00535329
0.000502606

-0.00295724
0.00100269

0.00467705
0.00227207

-0.00474293
-0.000184512

-0.00165491
0.00334705

0.00253276
0.00199191

-0.00449969
-0.00231175

-0.00518564
0.00428061

-4.71409e-05
0.00589404

-0.00466707
-0.00186886

0.00231119
2.44705e-05

0.00258563
0.00181809

-0.00475907
-0.0021918

-0.000998906
0.00342007

0.00257092
0.0016557

-0.0037862
-0.00168729

-0.00218775
0.00248918

0.00299368
0.00197605

-0.00378983
-0.00245079

-0.00059516
0.00136225

0.00286443
0.00160047

-0.00500533
-0.00151743

-0.00429969
0.00456791

0.000875098
0.00440408

-0.00487312
-0.0020134

-0.00655609
0.00633482

0.00301185
0.0039324

-0.00598363
8.76438e-05

0.00259337
-0.000638943

0.00318396
0.000774085

-0.00491527
-0.00186183

-0.00455333
0.00215936

0.00188749
0.00290583

-0.0053208
-0.00153802

0.00229897
-0.000713924

0.00214187
0.00222029

-0.0029579
-0.00364526

0.00458489
0.00187817

0.00365859
0.00258866

-0.00447837
-0.00158047

-0.00185794
0.00202142

0.00443604
0.00236397

-0.00282243
-0.00378988

-0.00588464
0.00251271

0.00241721
0.00518256

-0.00292901
-0.000244998

-0.000350234
0.001605

0.00269269
0.00202234

-0.00261853
-0.00399883

-0.00553743
0.0021815

0.00075802
0.00451579

-0.00487009
-0.00175606

-0.00311069
0.00392261

0.00180984
0.00289404

-0.00391746
-0.00231475

-0.00180005
0.00142537

0.0032323
0.00332503

-0.00548329
-0.00199488

-0.00180661
0.00128388

0.00385007
0.0021108

-0.00205043
-0.00155061

0.00451727
-0.000804312

0.0050419
-0.00240325

-0.00308204
-0.00149055

0.00477357
0.00147624

0.00342127
0.0285987

-0.00783906
-0.0112888

-0.00325148
0.00222314

0.00279997
0.00459577

-0.00318925
-0.00332893

-0.00155455
0.00403482

0.00181756
0.00567523

-0.00288247
-0.00287441

-0.00308652
0.00241216

0.00214128
0.00499681

-0.00163384
-0.00250048

-0.00569136
0.00211037

0.00138233
0.0036182

-0.00542345
-0.00105171

0.00156875
-0.000223885

0.00249699
0.00192409

-0.00389174
-0.00275364

4.20992e-05
0.00111359

0.00215309
0.00207487

-0.00362232
-0.00301318

-0.00289981
-0.000120035

0.0015858
0.0050964

-0.00375553
-0.00172414

-0.00188319
0.00100375

0.00195176
0.0029938

-0.00357773
-0.00289708

-0.0045191
0.00303434

0.00465079
0.00316754

-0.00596195
0.000804414

0.0014944
-0.000245172

0.00289681
0.00602639

-0.00433774
-0.00167906

0.00175095
0.0016789

0.00303967
0.000842266

-0.00483419
-0.00161084

0.00233356
-0.00188557

0.00219115
0.00358879

-0.00388096
-0.00289656

-0.00234344
0.00258834

0.00584439
0.00228336

-0.00532076
0.000332539

0.000859867
-0.00122519

0.00244886
0.00393233

-0.00419132
-0.00173796

-0.00377889
0.0018767

0.00142247
0.00477101

-0.00422587
-0.00340415

-0.00558044
0.0017921

0.00170444
0.0054222

-0.00503853
-0.0013086

0.000191644
-0.000563706

0.00114325
0.00577653

-0.00346981
-0.00360261

0.00153334
0.000217246

0.00285187
0.00130307

-0.00477597
-0.00183509

-0.000450563
8.60464e-06

0.00238492
0.00188828

-0.0037465
-0.00303504

-9.45266e-05
0.0037827

0.00331522
-0.00129204

-0.00148423
-0.0016332

-0.00329284
0.00446311

0.00383083
-0.000402593

-0.00536748
0.000233473

-0.00197681
0.00322864

0.00483972
-0.00154936

-0.00643141
0.00141621

-0.000512037
0.00518563

0.00386912
-0.000528513

-0.00571594
-0.00266804

-0.00326108
0.00670525

0.00464936
0.00111989

-0.00628387
0.00153937

-0.0042327
0.00544569

0.00360614
-0.000706365

-0.0055918
0.000105802

-0.00584525
0.0046037

0.000256152
0.00505114

-0.00417641
-0.00218625

