6.67307e-311
-1.61166e-311
-4.91624e-311
-6.83431e-311
5.45564e-311
3.68021e-311
6.07063e-311
-6.05207e-312
-5.08202e-311
2.2671e-310
-4.46148e-311
-2.47543e-311
-1.12777e-310
-8.79272e-311
3.42575e-311
-3.86331e-310
-1.66322e-310
2.33284e-310
2.73911e-310
-1.84087e-310
-1.90874e-310
-1.41945e-310
4.28659e-311
5.3137e-311
-9.73697e-311
8.41424e-312
1.94463e-311
-1.28063e-310
-1.08067e-310
-1.70251e-311
1.42526e-310
9.29771e-311
-4.45586e-311
-2.84246e-310
6.74379e-311
2.47387e-310
3.09577e-311
-1.61588e-311
-7.01672e-312
9.81875e-312
-2.48848e-312
-3.04828e-312
-5.01604e-311
-4.92336e-311
-1.8568e-311
-3.39986e-311
1.55791e-311
2.47266e-311
1.43888e-310
-5.6765e-311
-1.09979e-310
-6.51366e-311
-2.05912e-312
6.21495e-311
-4.84197e-311
-3.70882e-311
-1.41431e-312
1.25667e-310
-7.68246e-311
-1.2825e-310
-1.06694e-310
-1.49406e-311
1.95138e-311
-9.56209e-311
-4.34654e-312
-1.27304e-312
3.03585e-310
1.07602e-310
-5.71397e-311
2.70198e-310
-1.22114e-310
-2.38056e-310
-7.81447e-311
-1.99185e-311
5.33002e-311
2.64967e-311
2.54277e-312
-1.79899e-311
2.14399e-310
1.63037e-311
-1.18325e-310
7.81505e-311
2.3589e-311
6.55691e-311
1.54088e-310
1.31931e-310
4.19862e-311
-1.8156e-310
3.76151e-311
9.75464e-311
1.23418e-310
-4.4051e-311
-8.77688e-311
1.95645e-310
-7.36719e-311
-9.30945e-311
2.64692e-311
1.13594e-311
-2.16941e-311
1.50687e-310
-2.36802e-311
-8.14302e-311
3.30953e-312
3.29063e-312
1.06582e-312
1.58808e-310
1.48509e-310
-1.91148e-311
6.45652e-311
-1.13291e-312
-1.03001e-313
-4.03509e-310
-2.03214e-310
1.58518e-310
-6.17003e-311
5.15693e-311
1.51837e-311
-5.13505e-310
-1.6985e-310
1.0208e-310
9.48545e-311
4.05962e-311
5.51882e-311
4.3458e-310
-2.87124e-310
-1.66517e-310
-1.68483e-310
-1.12539e-310
3.46638e-311
-1.40099e-310
-8.33588e-311
1.52831e-310
-1.5664e-310
-1.21233e-310
1.45525e-310
-3.64782e-310
-1.07112e-310
1.02159e-310
2.61832e-310
-1.38001e-310
-6.19576e-311
-1.85039e-310
-2.05576e-311
6.87336e-311
-6.03741e-310
-1.68723e-310
2.24765e-310
-2.62222e-310
-2.25593e-310
2.34975e-310
-1.29899e-310
-2.16437e-311
2.87461e-311
-2.81863e-311
-1.32266e-311
3.071e-311
-1.56631e-310
-1.22784e-310
2.59178e-311
1.14461e-312
1.11591e-312
-1.18938e-312
4.25833e-310
-2.28169e-310
-7.33204e-311
-1.21543e-310
-9.80454e-311
-3.20897e-311
-1.25946e-310
3.19149e-313
8.66189e-311
-2.10974e-310
-9.1373e-311
-2.34013e-311
1.90931e-312
2.46299e-313
-1.92466e-312
-1.58495e-311
-1.57985e-311
7.42818e-312
-6.42878e-311
-2.18669e-311
6.3742e-311
-2.34077e-310
-6.94264e-311
1.05386e-310
-3.10555e-310
-2.37978e-310
6.3044e-311
3.35662e-310
1.6817e-311
1.70081e-311
-9.67787e-312
-2.68889e-312
8.99717e-312
-8.6006e-311
-3.16525e-311
-6.46094e-312
-3.92486e-310
-1.05566e-310
8.22813e-311
-4.01968e-311
-1.55181e-312
4.01394e-312
2.35132e-310
-3.72983e-311
4.47968e-311
-2.37112e-311
-6.97837e-312
-1.0077e-311
-1.06449e-310
-5.24021e-312
5.43124e-311
-2.68218e-310
-2.53405e-311
-9.91526e-311
2.12034e-310
6.66315e-311
-2.87433e-312
-8.09067e-311
2.34909e-312
3.0839e-311
1.5981e-310
1.04934e-310
2.51204e-311
-1.03257e-311
-2.00483e-312
1.03767e-311
1.5179e-311
3.45891e-312
-1.11128e-311
-3.12249e-310
1.66419e-310
7.54745e-312
4.14e-311
3.81855e-311
5.93017e-312
1.80656e-310
-8.18215e-311
-1.59844e-310
-9.37031e-311
-8.41868e-311
4.21286e-311
-2.98905e-310
1.52194e-311
5.06965e-311
-2.80863e-310
-1.16502e-310
6.19979e-311
-3.79872e-310
9.04609e-311
2.62187e-310
1.32457e-310
-8.71254e-311
-1.02853e-310
7.62673e-312
-4.48982e-312
-8.71218e-312
1.9577e-312
-1.0452e-312
-1.99827e-312
-1.67729e-310
-2.29566e-311
2.67865e-311
-2.51668e-310
-1.17017e-310
3.363e-311
-1.16106e-311
2.78259e-312
2.41724e-312
2.10813e-310
-7.55686e-311
7.66905e-312
4.93453e-312
-5.63379e-313
-4.54045e-312
-2.02029e-310
-9.87809e-311
1.69784e-310
-1.01325e-310
-4.74262e-311
8.73246e-311
-4.95886e-311
-4.52681e-311
-6.27819e-312
-2.27031e-311
1.57733e-312
1.2267e-311
1.00944e-310
3.83152e-312
-1.11924e-311
-2.13053e-310
-2.13802e-311
1.0744e-310
-3.52566e-311
-2.12784e-311
3.95027e-311
3.42201e-310
1.31637e-310
-1.48001e-310
1.62008e-310
5.47702e-311
-9.43045e-311
8.35236e-311
2.95392e-311
-6.71333e-311
3.50739e-311
2.33201e-311
-3.77945e-311
-3.61667e-311
-1.68293e-311
3.5726e-311
4.51882e-311
3.21258e-311
-4.10051e-311
1.78666e-310
-2.26976e-311
2.02249e-312
-5.19789e-311
5.39922e-312
5.19267e-311
-4.28586e-312
1.04154e-312
4.27047e-312
2.68505e-311
2.66604e-311
-2.81868e-311
-1.34842e-311
1.3357e-312
7.27437e-312
-6.76022e-311
-6.04188e-311
-4.61312e-311
2.0032e-311
1.97236e-311
-5.64458e-312
-5.43876e-311
3.27974e-311
4.87795e-311
-3.78288e-311
-1.87323e-311
1.1078e-311
-9.26652e-311
-6.60816e-311
7.36592e-312
7.79876e-311
4.379e-311
-2.73429e-311
-2.78285e-311
-1.02203e-311
2.65538e-311
-7.92026e-311
-6.36843e-311
3.79409e-311
-8.01266e-312
-5.38783e-312
4.91663e-312
-1.64253e-310
8.62095e-311
5.04228e-311
6.10693e-311
4.05122e-312
-5.32978e-311
3.15654e-311
-1.05604e-311
-2.60093e-311
6.62147e-311
7.73499e-312
-6.46508e-311
-1.84646e-310
-5.23724e-311
1.80697e-310
1.05885e-311
1.72386e-312
-1.05702e-311
-1.80844e-311
-1.79796e-311
1.78459e-311
-8.03823e-311
-2.10189e-311
7.72336e-311
-1.65029e-310
-4.29816e-311
6.67448e-311

-3.49682e-311
4.50218e-311
2.136e-311
-1.03676e-311
-2.58808e-311
-1.96714e-311
-2.91395e-311
3.28908e-311
3.43266e-311
-2.36615e-311
2.33603e-311
1.8509e-311
-1.02553e-311
2.13145e-311
-2.20816e-311
2.0592e-310
4.93181e-311
-2.4266e-310
-1.11067e-310
2.10293e-310
4.79339e-311
-4.21023e-311
1.03456e-311
-6.45354e-312
1.87826e-311
-1.73193e-311
-1.44152e-311
-8.74192e-312
-1.05065e-311
-3.39205e-313
3.24227e-311
-5.36309e-311
4.45147e-312
-1.6567e-310
-4.39721e-311
-2.90427e-310
5.46126e-312
-4.63816e-313
1.1689e-312
-2.65837e-312
2.88007e-312
2.41038e-312
-3.2774e-312
-1.78161e-311
-1.10904e-313
1.34969e-311
-2.21163e-311
-1.65855e-311
-6.86206e-311
1.06188e-310
5.85773e-311
2.03698e-311
6.42992e-312
-6.50673e-311
3.79585e-313
-8.97313e-313
1.13016e-312
-5.95229e-311
1.24146e-310
4.52505e-311
1.9154e-311
-1.49394e-311
-9.75901e-312
-1.27122e-312
1.14362e-312
3.74327e-313
5.31512e-311
-4.83419e-311
-4.7985e-311
-1.77185e-310
1.74368e-310
-3.55916e-311
4.39563e-311
-1.65893e-311
-5.7466e-311
-1.19155e-311
-2.20456e-312
5.41036e-312
-1.03003e-310
-2.06524e-311
1.46446e-310
3.92526e-311
-1.72529e-311
6.127e-311
-2.02234e-311
4.2457e-311
-1.86938e-311
7.05907e-311
-5.30639e-311
-1.05464e-310
-4.77628e-311
6.62817e-311
7.3075e-311
-7.30852e-311
1.00117e-310
4.88858e-311
7.3014e-312
-1.34193e-311
1.84998e-311
-6.58606e-311
7.4653e-311
5.71724e-311
-1.31358e-314
1.05898e-312
-1.18639e-313
5.95978e-312
-1.57871e-311
-5.05439e-312
-1.02983e-313
1.01464e-313
2.65112e-314
1.36807e-310
2.1565e-311
-1.11151e-310
-4.86553e-312
-1.15527e-311
-5.60638e-312
9.56708e-311
1.19725e-310
-3.68098e-311
-2.08627e-311
8.20445e-312
5.69613e-311
-1.23206e-310
1.98651e-310
-2.67513e-311
2.56304e-311
6.66993e-312
-8.20763e-312
-5.88546e-311
1.35769e-310
-6.96931e-311
7.8784e-311
6.9464e-311
-1.08935e-310
9.73195e-311
-3.92099e-311
-7.46628e-311
-4.98587e-311
7.37177e-311
2.03836e-311
6.45675e-311
-5.07871e-311
-4.9666e-311
2.06867e-310
2.40873e-310
-1.34585e-310
1.12478e-310
1.58771e-310
-1.35428e-310
2.78985e-311
-2.17842e-311
-1.28973e-311
4.13881e-312
1.14944e-311
-2.87134e-311
1.60434e-311
1.03963e-311
-3.64881e-312
3.89374e-315
-1.1603e-312
2.61359e-313
-6.14015e-311
9.1058e-311
5.01501e-313
-1.73924e-311
-2.05794e-311
-3.21154e-312
6.2807e-311
-5.49907e-311
-8.18419e-311
-2.02578e-311
6.17884e-312
6.79849e-313
1.21005e-313
-3.61373e-313
1.88749e-312
2.43832e-313
7.40728e-312
4.10252e-313
3.33952e-311
1.13099e-311
-7.04536e-311
9.60651e-311
-4.79627e-311
-8.35951e-311
-4.05043e-311
7.34589e-311
1.03626e-311
-1.69604e-311
1.77041e-311
2.61471e-312
8.53909e-313
3.0098e-312
-8.51992e-312
-5.94139e-312
3.00477e-312
1.19078e-313
7.91578e-311
-3.89843e-311
-5.18937e-311
3.99445e-312
-3.72115e-312
-1.32648e-312
-4.41291e-311
2.03384e-311
3.74739e-311
-7.78392e-312
2.14568e-312
-2.02689e-312
4.73008e-311
-3.90174e-311
-4.69636e-311
-9.04441e-311
7.41218e-311
-1.16828e-311
-2.70193e-312
1.42088e-312
-6.42999e-313
2.836e-311
-2.6783e-311
-2.24186e-311
-1.88524e-311
2.943e-311
-8.55308e-312
1.35354e-312
1.75272e-312
-1.03167e-311
-8.66257e-312
-6.34604e-312
1.21348e-311
-5.75913e-312
-1.42768e-312
9.3015e-313
-4.82036e-313
5.37924e-312
2.36233e-312
-4.16335e-311
9.71384e-311
1.33338e-310
1.16363e-311
4.02077e-311
4.13615e-312
4.96795e-311
-4.63602e-311
-3.22752e-311
5.63527e-311
-2.09585e-311
-2.68891e-311
-2.20529e-310
-7.29907e-311
-3.1678e-310
-3.58169e-311
8.86846e-311
6.27806e-311
-2.52128e-313
5.32163e-312
6.89477e-312
-1.64825e-314
1.07563e-312
1.68416e-312
2.64016e-311
-1.99046e-311
-1.43595e-311
2.97096e-311
-1.0433e-311
-6.78352e-312
-2.19155e-312
9.64949e-313
4.32167e-313
7.10845e-312
-8.66556e-312
-3.77843e-312
2.20632e-312
-6.19831e-313
4.9707e-312
1.26611e-310
1.03457e-310
-1.77264e-310
5.44524e-311
-5.59619e-312
-8.20957e-311
-1.3709e-312
-5.53999e-312
-1.83771e-312
1.01051e-311
-9.9431e-312
-1.01509e-311
-1.11316e-311
9.93199e-312
5.16543e-312
9.50029e-311
-7.1344e-311
-9.46044e-311
1.05947e-311
1.54887e-311
-3.61492e-311
1.3628e-310
-9.58779e-311
-1.20867e-310
8.49716e-311
-6.34937e-311
-5.23784e-311
5.28252e-311
-4.47481e-311
-1.05663e-311
8.09712e-312
-2.78715e-311
2.26357e-311
1.07761e-311
7.41011e-312
-3.33344e-311
1.17786e-311
-2.87126e-311
2.19232e-311
2.00381e-312
-2.01312e-312
-1.02242e-312
-7.84357e-312
-5.27056e-312
-5.22505e-311
1.26488e-313
-1.10637e-312
-4.12654e-312
2.83093e-312
-2.81378e-311
-1.02579e-312
5.90794e-312
-5.81258e-312
-6.29952e-312
-1.19646e-311
-3.65456e-311
-2.11197e-311
4.3726e-313
-5.60047e-312
8.28962e-313
-8.43684e-312
-2.96529e-311
-3.96395e-311
-7.20398e-312
7.81989e-312
-1.05031e-311
5.04967e-312
2.1088e-312
-5.21119e-313
2.1994e-311
1.24459e-312
-8.18814e-313
1.30562e-311
-1.89731e-312
-2.68189e-311
2.20452e-311
1.79326e-311
-1.44594e-311
-1.95011e-312
4.27393e-312
-3.10538e-312
-3.10471e-311
-1.65605e-311
-1.30282e-311
-2.2802e-311
-7.83427e-312
3.81851e-311
-1.0948e-311
1.66116e-311
2.25567e-311
-6.40302e-312
-7.63353e-312
6.32401e-311
-6.06563e-311
3.85017e-311
-1.45128e-310
-6.02767e-313
-1.63205e-312
1.04608e-311
1.90763e-312
1.76819e-311
-2.07449e-312
-1.03362e-311
1.60623e-311
-7.36309e-311
6.14059e-311
-3.7629e-311
-4.58599e-311

