0
0
-0
0
-0
0
0
0
-0
0
0
-0
0
0
0
0
0
-0
0
0
-0
0
0
-0
0
0
-0
-0
0
0
0.015626
-0.0305729
0.00326288
0
0
-0
-0
-0
0
0
0
-0
0
0
0
0
0
-0
0
0
-0
0
0
-0
0
0
-0
0
0
-0
-0.0176104
-0.00499945
0.00734873
0
0
-0
-0
0
-0
0
0
-0
0
0
-0
0
0
-0
0
0
-0
0
0
0
0
0
0
0
0
-0
0
0
-0
0
0
-0
-0
0
-0
0
0
-0
0
0
0
0
0
-0
0
0
-0
-0.146442
-0.0649043
0.123214
0
-0
0
0
0
0
0
0
0
0
0
0
0
0
0
-0
0
-0
-0
0
-0
0
0
-0
0
0
0
0
0
-0
0
0
-0
0
0
-0
0
0
-0
0
0
-0
0
0
0
0
0
0
-0.0301991
-0.0141727
0.0105081
0
0
0
0
0
-0
0
0
0
-0
0
-0
-0
0
0
0
0
-0
0
0
-0
0.00442309
-0.0557385
0.0121584
0
0
-0
0
0
-0
0
0
0
0
0
-0
0
0
-0
0
-0
0
0
0
0
0
0
-0
0
0
-0
0
0
0
0
0
-0
-0
0
0
0
0
-0
0
0
-0
0
0
-0
0
0
0
0
0
-0
-0
0
0
0
0
-0
0
0
-0
-0
0
-0
0
0
-0
0
0
-0
0
0
-0
0
0
-0
0
0
0
-0
0
-0
0
0
-0
-0
0
-0
0
0
-0
0
0
0
0
0
0
0
0
-0
0
0
-0
0
0
-0
0
0
-0
-0
0
-0
0.144517
-0.0364261
0.125077
0.0219987
-0.0105117
0.0274622
0
0
-0
-0.168859
-0.142106
0.221487
0
0
0
0
0
-0
0
0
-0
0
0
-0
-0
0
0
0
0
-0
0
0
0
0
0
0
0
0
-0
-0
0
0
0
0
0
-0
0
0
0
0
-0
0
0
0
-0
0
0
0
0
-0
0
0
-0
0
0
-0
0
0
-0
0
0
-0
-0.0463599
-0.0193125
0.139557
0
0
0
0
0
-0
0
0
-0

0
0
-0
0
-0
0
0
0
-0
0
0
-0
0
0
0
0
0
-0
0
0
-0
0
0
-0
0
0
-0
-0
0
0
-0.0206843
-0.00774481
0.0264895
0
0
-0
-0
-0
0
0
0
-0
0
0
0
0
0
-0
0
0
-0
0
0
-0
0
0
-0
0
0
-0
0.00516532
-0.0190295
-0.000567939
0
0
-0
-0
0
-0
0
0
-0
0
0
-0
0
0
-0
0
0
-0
0
0
0
0
0
0
0
0
-0
0
0
-0
0
0
-0
-0
0
-0
0
0
-0
0
0
0
0
0
-0
0
0
-0
-0.0292819
-0.160451
-0.119321
0
-0
0
0
0
0
0
0
0
0
0
0
0
0
0
-0
0
-0
-0
0
-0
0
0
-0
0
0
0
0
0
-0
0
0
-0
0
0
-0
0
0
-0
0
0
-0
0
0
0
0
0
0
0.016438
-0.0301686
0.00655124
0
0
0
0
0
-0
0
0
0
-0
0
-0
-0
0
0
0
0
-0
0
0
-0
-0.0508486
0.00167729
0.0261874
0
0
-0
0
0
-0
0
0
0
0
0
-0
0
0
-0
0
-0
0
0
0
0
0
0
-0
0
0
-0
0
0
0
0
0
-0
-0
0
0
0
0
-0
0
0
-0
0
0
-0
0
0
0
0
0
-0
-0
0
0
0
0
-0
0
0
-0
-0
0
-0
0
0
-0
0
0
-0
0
0
-0
0
0
-0
0
0
0
-0
0
-0
0
0
-0
-0
0
-0
0
0
-0
0
0
0
0
0
0
0
0
-0
0
0
-0
0
0
-0
0
0
-0
-0
0
-0
0.0629698
-0.144002
-0.114694
-0.015351
0.0251469
0.0219224
0
0
-0
0.164259
-0.262519
-0.0432024
0
0
0
0
0
-0
0
0
-0
0
0
-0
-0
0
0
0
0
-0
0
0
0
0
0
0
0
0
-0
-0
0
0
0
0
0
-0
0
0
0
0
-0
0
0
0
-0
0
0
0
0
-0
0
0
-0
0
0
-0
0
0
-0
0
0
-0
-0.134604
-0.0373107
-0.0498781
0
0
0
0
0
-0
0
0
-0

