0.164635
0.132257
-0.515349
0.0253556
0.136356
-0.295228
0.119172
0.0299496
-0.194306
0.0644289
0.237121
-0.0517241
0.0260718
0.33558
-0.214319

0.380848
0.00423199
-1.32357
-2.73981
-0.00931817
-1.60613
-2.90443
1.53789
2.35034
1.76581
0.730792
-0.0997405
1.65192
0.568838
-0.307665

0.059318
0.328611
0.220549
0.222887
-0.227291
-0.407707
-0.784592
-0.018114
-0.0347274
0.551789
0.750204
1.16601
-0.620132
-0.53026
-0.676548

0.403691
0.28454
-1.28412
-2.07708
0.296239
-1.4162
-2.05804
0.189761
0.441713
0.210037
0.985581
1.2866
0.204087
1.03235
1.50085

-0.107251
-0.475009
-0.363177
-1.73352
-0.511672
-0.485145
-1.7902
1.09872
1.95196
1.31213
0.461609
-0.473277
1.24487
0.41011
-0.540151

-0.00167148
0.292426
0.285582
0.420315
-0.289303
-0.237561
-0.21399
-0.0649633
-0.0727972
0.55141
0.736565
1.18193
-0.694819
-0.738217
-1.15491

0.181144
0.150819
-0.495977
0.0861578
0.149653
-0.270695
0.160807
0.0485136
-0.114537
0.0491671
0.21971
-0.19941
0.0799841
0.163307
-0.208646

0.37007
-0.0142654
-1.34429
-2.68059
0.00780544
-1.51879
-2.80237
1.49999
2.31253
1.73355
0.715435
-0.164993
1.60027
0.563521
-0.277855

0.192017
0.431854
0.396913
0.0994581
-0.112938
-0.255401
-0.460517
0.0852861
0.0638435
0.640529
0.85537
0.993147
-0.506024
-0.903397
-1.52014

0.138086
0.112071
-0.590202
0.329504
0.115926
-0.330499
0.23055
0.00682233
-0.107807
0.0322087
0.29562
0.00235281
0.0177585
0.131253
-0.383644

0.383451
-0.000921204
-1.37346
-2.65221
-0.0149979
-1.60688
-2.91872
1.56469
2.43066
1.78896
0.730964
-0.249233
1.68891
0.569094
-0.340308

0.00240978
0.277566
0.366872
0.389808
-0.290073
-0.0612695
0.092273
-0.0764188
-0.138478
0.50926
0.614963
0.735775
-0.689496
-0.767813
-0.965379

0.522136
0.357086
-0.128194
0.64559
0.372229
-1.33989
-1.86646
0.271605
-0.0368921
0.17961
-0.0311018
-0.985883
0.341848
1.06608
0.632235

-0.0198924
-0.36115
-1.84494
-3.196
-0.407258
0.00884862
-1.0324
1.15357
1.97747
1.33012
0.391586
0.606647
1.33207
0.431567
-0.370235

0.0403534
0.333126
0.602634
0.812847
-0.238863
-0.476293
-0.498595
-0.0149191
-0.0498182
0.58876
1.07582
0.671112
-0.618402
-0.869457
-1.35831

0.148308
0.1424
-0.0808941
0.43992
0.14565
-0.0297876
0.627353
0.044521
-0.172505
-0.144039
-0.823267
-1.49606
0.269179
0.952123
-0.022897

0.184598
-0.164506
-1.52479
-2.81934
-0.181736
-1.68502
-2.80754
1.263
2.01388
1.45399
0.664615
1.02532
1.39075
0.587608
0.599172

0.0705894
0.324687
0.427445
0.545705
-0.192743
-0.327061
-0.480485
0.00275474
-0.00946889
0.512469
0.676285
0.064213
-0.510553
-0.390232
-0.713605

0.260298
0.221638
-0.448621
-0.468594
0.223796
-0.0016895
0.443077
0.121011
-0.0732107
0.167541
0.384315
0.0270816
0.104045
-0.0742435
-0.886445

0.383471
0.00694993
-1.30892
-2.79871
0.00892671
-1.57879
-2.88758
1.51968
2.33261
1.74392
0.722914
-0.201615
1.63146
0.566915
-0.141221

0.0615275
0.316055
0.284478
0.2665
-0.231293
-0.14341
-0.0939876
-0.0281623
-0.0669158
0.531629
0.667744
0.774626
-0.620271
-0.805932
-0.912587

0.971305
0.850768
-0.638822
-0.941003
0.863222
-0.841707
-0.948838
0.755208
1.03315
0.749848
-0.389968
-1.19424
0.821456
-0.159361
-0.931016

-0.695695
-1.06695
-0.60777
-2.19094
-1.10825
-0.684294
-2.16668
0.523004
1.37648
0.73062
1.0123
1.6942
0.675354
0.885533
1.62309

-0.00104891
0.300027
0.561176
0.599481
-0.289754
-0.405045
-0.280836
-0.0613166
-0.0907013
0.554781
1.03468
0.847394
-0.69057
-1.20227
-0.876003

-0.0320409
-0.0546074
-0.13002
0.507691
-0.0484403
-0.170073
0.416319
-0.156903
-0.301208
-0.18923
0.0158265
-0.276992
-0.0845122
0.283542
0.220649

0.414636
0.047314
-1.45418
-2.82074
0.0160347
-1.60781
-2.86777
1.57202
2.40865
1.77645
0.735997
-0.213258
1.70901
0.675879
-0.392225

0.00533206
0.286221
0.283599
0.295016
-0.268328
-0.221078
-0.285694
-0.0563061
-0.0837547
0.519979
0.638961
0.704334
-0.647078
-0.504441
-0.666761

0.20084
0.199401
0.234244
0.849422
0.20316
0.279402
0.867839
0.118152
-0.0766329
0.141298
-0.558919
-1.05318
0.14584
-0.551269
-0.999594

-0.164007
-0.44973
-1.60942
-2.59506
-0.472621
-1.73481
-2.63598
0.733044
1.35059
0.898358
1.25666
1.73855
0.829445
1.14866
1.70631

0.0123823
0.229286
0.306627
0.439375
-0.200525
-0.164506
-0.220379
-0.0364854
-0.0556924
0.408267
0.8483
0.556161
-0.498705
-0.956934
-0.667172

0.204139
0.207789
-0.00191655
-0.6682
0.212082
-0.0765816
-0.72775
0.130884
0.228273
0.055388
0.175879
0.00300545
0.10503
0.238877
-0.0868976

-0.332271
-0.599031
-1.67685
-2.49467
-0.62756
-1.78972
-2.52936
0.515239
1.12234
0.648371
1.40345
2.20573
0.61072
1.37232
2.17129

0.00648297
0.216403
0.291828
0.386704
-0.190174
-0.156262
-0.221753
-0.0335848
-0.0371298
0.389388
0.826592
0.781725
-0.470777
-0.913413
-0.876029

0.0230727
-0.00107344
0.349172
1.29309
0.0026913
-0.600439
-0.58032
-0.10309
-0.274263
-0.170041
-0.0968482
-0.519578
-0.00624529
0.410991
0.272882

0.376292
0.00411967
-1.43952
-2.58088
-0.0101052
-1.50294
-2.86532
1.52021
2.34222
1.73613
0.69467
-0.207958
1.643
0.630699
-0.340615

0.0592293
0.326202
0.196483
0.0788384
-0.223719
-0.135078
-0.205108
-0.0165987
-0.0479105
0.547829
0.72272
0.774039
-0.601948
-0.593642
-0.881338

0.917901
0.756775
-0.98412
-2.10449
0.768844
-1.17884
-2.11909
0.644434
0.927728
0.78808
0.612925
-0.232797
0.613641
0.715203
-0.126191

-0.307684
-0.76243
0.150634
-1.38185
-0.785612
0.0730057
-1.37307
1.13015
2.09903
1.32909
0.147672
-0.578899
1.35147
-0.058522
-1.033

0.00546314
0.351244
0.365443
0.441865
-0.360216
-0.332409
-0.386546
-0.0882608
-0.132114
0.586068
1.16344
1.4423
-0.795984
-0.993776
-1.26652

0.0284871
-0.00875512
-0.419357
0.0338144
-0.00239997
-0.457049
0.0458508
-0.107688
-0.127037
-0.096294
0.380886
0.295361
-0.0855532
0.391177
0.128557

0.386294
0.0237726
-1.40979
-2.82453
-0.00374194
-1.54375
-2.82237
1.5229
2.37218
1.72659
0.796599
-0.23987
1.65538
0.682205
-0.321874

-0.0226227
0.251275
0.370968
0.539028
-0.294353
-0.174044
-0.11374
-0.0862466
-0.104043
0.482058
0.675303
0.852722
-0.67287
-0.760322
-0.943112

-0.0392834
-0.018373
0.145852
0.757205
-0.0136496
0.139764
0.681277
-0.112007
0.0888173
-0.0887313
0.0715634
-0.11253
-0.0798728
-0.738347
-0.681685

0.108262
-0.207635
-1.49446
-2.63174
-0.244658
-1.6599
-2.73708
1.12201
1.82905
1.27899
0.388738
-0.476221
1.25934
1.50261
1.9627

-0.0204123
0.231473
0.328826
0.506472
-0.251593
-0.198031
-0.274631
-0.0652988
0.00126793
0.444878
0.651167
0.93811
-0.581355
-1.25665
-0.454218

0.149901
0.127297
0.0356048
0.550896
0.127368
-0.116313
0.270193
0.0326538
-0.142421
0.143589
-0.0150517
-0.720932
-0.0485755
0.181199
-0.575408

0.186606
-0.16447
-1.5307
-2.81251
-0.154085
-1.62373
-2.80747
1.23173
1.98184
1.44917
0.973605
1.85435
1.32228
0.275947
-0.18258

0.0357879
0.264116
0.203202
0.0943328
-0.239385
-0.328738
-0.512056
-0.0542437
-0.034642
0.454455
1.03938
1.02971
-0.603526
-0.743771
-0.604623

0.20884
0.172981
-0.554217
-0.785291
0.172754
0.103328
0.521921
0.0729707
-0.109751
0.0830425
0.278844
-0.141162
0.0894319
0.227085
-0.340779

0.371182
-0.00658377
-1.25049
-2.71416
0.0109395
-1.58166
-2.88759
1.4861
2.28543
1.71032
0.71164
-0.13638
1.59214
0.581635
-0.172529

0.123788
0.363473
0.316316
0.13965
-0.174402
-0.12859
-0.100214
0.0221751
-0.0261066
0.571341
0.746127
0.914962
-0.559138
-0.876344
-1.33304

0.0790142
0.0454391
0.0550446
1.01787
0.051555
-0.961103
-0.824215
-0.0554571
-0.210291
-0.106787
0.159201
-0.119519
0.0241153
0.487126
0.35801

0.352277
-0.0158313
-1.50456
-2.66586
-0.0429324
-1.33726
-2.72604
1.50526
2.34015
1.71238
0.690017
-0.280502
1.63992
0.655346
-0.322377

0.0394175
0.316735
0.230862
0.181011
-0.236684
-0.0780701
-0.172252
-0.0257803
-0.0449076
0.54886
0.732629
0.887283
-0.616317
-0.684941
-1.07785

0.150345
0.104673
-0.0792966
1.18459
0.107832
-0.903465
-0.819169
0.00208984
-0.105906
-0.0709801
0.319442
-0.609989
0.105966
0.792617
-0.178751

0.209177
-0.175552
-1.69127
-2.53513
-0.177956
-1.49716
-2.88406
1.3787
2.23256
1.5932
0.592118
0.646832
1.51129
0.622365
0.174892

0.0895734
0.354272
0.329874
0.429491
-0.208672
-0.210913
-0.449678
0.0011035
-0.0271386
0.580923
0.844131
0.301966
-0.595021
-0.678853
-0.761058

0.172567
0.105987
-1.02396
-0.986103
0.114846
-1.03595
-1.05448
0.0159712
0.109073
0.0354834
0.764742
0.989026
0.0221888
0.781893
0.988716

0.146426
-0.19158
-1.02841
-2.39619
-0.226604
-1.26946
-2.58494
1.22975
2.02818
1.4154
0.839228
0.165126
1.36586
0.672539
-0.165322

-0.06747
0.198907
0.320511
0.496841
-0.321761
-0.173756
-0.0722431
-0.121171
-0.12594
0.423668
0.853909
1.51265
-0.679245
-0.868722
-1.37618

-0.0215663
-0.0400287
-0.624617
-0.331362
-0.0326033
0.11625
1.19714
-0.143132
-0.260113
-0.114362
0.156366
-0.00867938
-0.134052
0.220781
0.0199802

0.37899
0.0130546
-1.37485
-2.86076
-0.0283577
-1.64897
-2.52869
1.54702
2.3971
1.75014
0.713126
-0.266861
1.68831
0.630585
-0.409855

-0.00943303
0.280301
0.324402
0.291922
-0.278301
-0.158831
-0.0673309
-0.0628939
-0.0488245
0.521024
0.649503
0.833231
-0.663342
-0.699374
-0.912053

0.0820619
0.0663168
-0.30522
0.332056
0.07251
-0.165393
0.441228
-0.0356536
-0.0794747
-0.00472831
0.411055
-0.612343
-0.0368084
0.411928
-0.577536

0.326355
-0.0364927
-1.48323
-2.84914
-0.0704356
-1.66745
-2.92371
1.47339
2.3253
1.67185
0.687734
0.305859
1.61406
0.60141
0.0245067

-0.0266038
0.253659
0.315136
0.333021
-0.295642
-0.108874
-0.0508118
-0.0850819
-0.0949829
0.489831
0.710853
0.653061
-0.675867
-0.79079
-0.626905

0.970296
0.792211
-0.437189
-0.949853
0.813468
-0.644099
-1.49942
0.713208
0.61452
0.56853
-0.18419
-1.04961
0.849403
0.165734
-0.723009

-0.0970337
-0.403956
-1.04702
-2.27491
-0.490442
-1.26998
-2.39884
1.05205
1.91215
1.1714
0.427355
0.516788
1.27912
0.523053
1.10027

-0.0515988
0.2566
0.907358
1.66314
-0.297974
-0.121243
0.111425
-0.0726084
0.0246687
0.521339
0.185957
-0.397828
-0.632121
-1.04636
-1.05075

0.275489
0.23063
-1.00547
-0.020444
0.238524
-0.613583
-0.376024
0.128336
0.14115
0.168219
0.466205
-0.0478487
0.1375
0.471011
-0.193697

0.27277
-0.10079
-1.05162
-2.26791
-0.136455
-1.59488
-3.01949
1.46184
2.32967
1.66539
0.652145
-0.065595
1.60815
0.545762
-0.298988

-0.0164319
0.273817
0.440279
0.5351
-0.296139
-0.273307
-0.327964
-0.0773596
-0.0618212
0.519483
0.795214
1.29387
-0.688461
-0.90453
-1.21174

-0.235976
-0.231865
-0.140056
0.562019
-0.225856
-0.103475
0.557194
-0.327407
-0.667834
-0.414421
0.040731
0.101786
-0.200726
0.329484
0.956402

0.303702
-0.0256656
-1.39239
-2.58478
-0.0656723
-1.55889
-2.64705
1.36085
2.06109
1.535
0.638438
-0.0253319
1.49751
0.5584
0.344795

-0.0153292
0.248345
0.36146
0.552751
-0.256423
-0.16307
-0.130294
-0.0613509
-0.135
0.460561
0.832632
1.48196
-0.585814
-0.812858
-1.77757

0.0357586
0.0149833
-0.29839
0.940202
0.0144055
-0.482775
-0.0837506
-0.089886
-0.216694
-0.113518
0.0916202
-0.234751
-0.0327401
0.334789
0.120746

0.358898
-0.0296541
-1.49801
-2.40323
-0.0150281
-1.56722
-2.88298
1.50923
2.34504
1.73557
0.724042
-0.192926
1.623
0.605269
-0.311997

0.124096
0.373267
0.358826
0.278821
-0.180556
-0.265384
-0.527196
0.022372
0.0169186
0.590614
0.835825
1.0085
-0.574365
-0.805273
-1.25646

0.0183647
-0.00578628
-0.316318
0.954129
-0.0048398
-0.419746
-0.00687518
-0.111808
-0.219663
-0.115257
0.17812
-0.0289827
-0.0724962
0.21927
-0.0681113

0.379087
-0.0126461
-1.5139
-2.4091
-0.00732777
-1.60131
-2.95856
1.55257
2.41505
1.79
0.764834
-0.209468
1.66142
0.574982
-0.425633

0.0136397
0.274297
0.39688
0.316668
-0.290672
-0.132648
-0.05565
-0.0817469
-0.162067
0.495474
0.715548
0.888231
-0.692854
-0.719939
-0.965159

0.272663
0.236572
-0.1611
0.189574
0.24232
-0.132097
0.223548
0.139516
0.183426
0.173471
-0.102093
-0.645982
0.131743
-0.13522
-0.616341

0.255003
-0.101508
-1.48967
-2.87233
-0.125334
-1.65452
-2.94721
1.3671
2.19977
1.5738
0.816615
0.458845
1.48957
0.558666
0.471206

-0.0281785
0.23775
0.387732
0.641634
-0.29631
-0.314948
-0.417047
-0.0932144
-0.11053
0.459067
1.10412
0.291181
-0.66932
-1.08898
-0.102953

0.0270474
0.0287491
-0.120224
-0.480717
0.032111
-0.159227
-0.509421
-0.0513531
-0.108827
-0.13364
0.193969
0.524202
-0.0481703
0.201022
0.604478

-0.246374
-0.527353
-1.6456
-2.68263
-0.548747
-1.77629
-2.73572
0.63304
1.27179
0.789716
1.46497
2.10728
0.717826
1.30728
1.87081

0.0243651
0.236911
0.34714
0.521601
-0.185993
-0.20565
-0.340513
-0.0246262
-0.0630029
0.407074
0.759599
0.379389
-0.479817
-0.876218
-0.50026

0.26609
0.244721
0.103767
0.489221
0.245737
-0.0318872
0.294249
0.152777
-0.0399758
0.0686989
-0.891648
-1.72425
0.26476
0.647506
-0.0897712

0.149642
-0.189978
-1.49598
-2.76494
-0.186525
-1.59078
-2.75845
1.16867
1.88965
1.36293
1.34131
1.4487
1.27597
0.406987
-0.0571905

0.057565
0.284757
0.228721
0.207912
-0.205862
-0.323282
-0.530027
-0.0242031
0.0159583
0.471884
0.773905
0.667855
-0.538717
-0.446414
-0.640053

0.115343
0.079045
-0.23441
0.204939
0.0839377
-0.23498
0.246887
-0.02065
-0.085733
-0.0165434
0.190282
-0.117834
0.00382822
0.206084
-0.420197

0.395155
0.0279353
-1.39906
-2.77176
0.0101663
-1.56369
-2.8448
1.53206
2.37602
1.74152
0.719393
-0.222183
1.65944
0.589074
-0.249263

-0.0503105
0.217355
0.501177
0.926551
-0.329252
-0.276269
-0.272588
-0.122608
-0.152445
0.444552
0.612099
0.848317
-0.710979
-0.767805
-0.867795

0.174685
0.149234
-0.544688
-0.497901
0.149759
-0.00636572
0.566672
0.0463228
-0.0536961
0.0835675
0.342492
0.0455676
0.0429919
0.0527765
-0.551417

0.380798
-0.00101319
-1.30651
-2.78198
0.00760682
-1.58816
-2.83851
1.52005
2.3573
1.74402
0.734285
-0.199416
1.63246
0.568331
-0.229256

0.0963355
0.346967
0.271425
0.0888353
-0.201343
-0.0920809
-0.000996171
0.000716113
-0.0509462
0.562285
0.704138
0.841366
-0.592414
-0.84353
-1.13076

0.146935
0.117354
0.18983
0.803463
0.122146
-0.203814
0.0171953
0.025458
-0.141057
-0.0774491
-0.0620548
-0.531075
0.145985
0.238004
-0.790921

0.27193
-0.0652614
-1.44497
-2.67889
-0.084969
-1.52552
-2.77258
1.31671
2.06963
1.51484
0.626921
-0.180299
1.42973
0.837148
0.685576

0.123958
0.372712
0.442584
0.400967
-0.130545
-0.109219
-0.274863
0.0604451
-0.00685808
0.568911
0.983388
0.897385
-0.467916
-1.24172
-1.61923

0.138037
0.108251
-0.50277
0.106653
0.108651
-0.270464
0.376189
0.00468762
-0.132263
0.0836073
0.470673
0.303081
-0.0426712
-0.031106
-0.720555

0.37286
-0.0135038
-1.38078
-2.77011
-0.00243495
-1.59031
-2.7879
1.52303
2.35467
1.75972
0.787137
-0.104034
1.62562
0.532124
-0.306098

0.0559837
0.307591
0.276742
0.0425858
-0.246399
-0.168177
-0.132504
-0.0426549
-0.0569448
0.516096
0.734365
1.08592
-0.641922
-0.797619
-0.933062

0.071015
0.0670851
0.124106
0.702953
0.0738016
0.125857
0.575852
-0.0257787
-0.0565721
0.00105554
0.172625
-0.0176176
-0.0210577
-0.677313
-1.11601

0.199518
-0.123685
-1.46153
-2.66017
-0.165662
-1.62438
-2.78654
1.23891
2.01476
1.40616
0.466755
-0.463481
1.37899
1.05814
1.52222

-0.0201616
0.241081
0.41552
0.682499
-0.255412
-0.14241
-0.173503
-0.0630208
-0.0221563
0.463337
0.60551
0.822851
-0.595031
-1.29877
-0.660334

0.268417
0.237041
-0.162298
0.135542
0.246799
-0.00967473
0.432742
0.15026
-0.0566429
0.343962
1.02187
0.240202
-0.0233055
-0.960501
-1.86441

0.110302
-0.19885
-1.41774
-2.63075
-0.252385
-1.65246
-2.77724
1.12657
1.83918
1.30069
0.636764
0.284523
1.25334
1.07572
1.30233

-0.0594067
0.204033
0.457343
0.875666
-0.281451
-0.122415
0.0296947
-0.0907682
-0.144215
0.382953
0.477953
0.471753
-0.584967
-0.844799
-0.771373

0.130234
0.105058
-0.627366
-0.821499
0.110769
0.222342
0.912969
0.00495135
-0.120972
0.0591487
0.431239
0.362784
-0.0177909
0.0729284
-0.824795

0.34983
-0.0120007
-1.27768
-2.73258
-0.0393143
-1.60695
-2.74644
1.48385
2.30717
1.6901
0.708497
-0.26898
1.61261
0.558818
-0.0269385

-0.0277831
0.245151
0.34045
0.483004
-0.298365
-0.00615651
0.204278
-0.0912059
-0.150937
0.470736
0.581148
0.796172
-0.675953
-0.908884
-0.961654

0.0836365
0.0694516
-0.382259
0.292627
0.0786657
-0.779094
0.897378
-0.0384492
-0.111371
-0.0228181
0.230225
-0.487933
-0.0130612
0.409942
-0.226941

0.294326
-0.0846594
-1.59596
-3.02424
-0.139548
-1.63844
-2.10461
1.51792
2.41785
1.72669
0.662439
0.029931
1.66983
0.573654
-0.305188

0.00773783
0.318848
0.290765
0.251502
-0.264887
-0.329301
-0.19272
-0.0377337
-0.0452933
0.575492
0.860395
0.933406
-0.664538
-0.779524
-0.924148

0.710591
0.600136
-1.05521
-1.36399
0.610345
-1.2036
-1.4562
0.495903
0.711374
0.509395
0.528453
-0.229087
0.521678
0.680458
-0.0602482

0.113014
-0.289941
-0.652839
-2.31037
-0.318736
-0.776486
-2.31566
1.40359
2.32585
1.63368
0.446486
-0.394921
1.55679
0.291875
-0.712331

0.00171054
0.310801
0.423396
0.503491
-0.312978
-0.280417
-0.295622
-0.0745756
-0.0767078
0.576923
0.847577
0.950731
-0.745424
-0.861302
-0.967603

0.274359
0.251094
-0.630729
-0.226676
0.258238
-1.31876
-0.0256607
0.141349
0.25055
0.213734
0.742339
0.0597264
0.132106
0.397999
-0.519665

0.254749
-0.138519
-1.51234
-3.09303
-0.176052
-1.16739
-2.1598
1.49767
2.42029
1.71528
0.703377
-0.146148
1.64362
0.467598
-0.309307

-0.0558283
0.247963
0.19843
0.179681
-0.346299
0.00365243
-0.0998333
-0.118477
-0.172596
0.500535
0.74451
1.15289
-0.758797
-0.757497
-0.718333

0.50145
0.463228
-0.612088
-0.849996
0.468064
-0.868381
-0.767377
0.360167
0.522355
0.560667
0.918258
0.29547
0.208538
-0.277854
-0.922501

0.13227
-0.249001
-1.35377
-2.85045
-0.265392
-1.20267
-2.59241
1.30674
2.16788
1.51798
0.471699
0.346056
1.43979
0.400271
0.73101

-0.224654
0.0502153
0.254093
0.576782
-0.513152
-0.211864
0.178117
-0.30077
-0.388186
0.25775
0.645669
1.24789
-0.894627
-0.70064
0.0233827

0.577517
0.547138
-0.974982
-0.246702
0.555433
-0.082118
0.031967
0.448308
0.4808
0.441524
-0.420071
-0.871474
0.511042
-0.2408
-0.757583

-0.163723
-0.518642
-0.602948
-1.81653
-0.561982
-2.05871
-3.38774
0.974395
1.81381
1.15397
0.608409
1.42952
1.12798
0.567925
1.43426

0.0529326
0.33699
0.425046
0.26712
-0.207099
-0.143777
-0.136268
0.00330651
0.0145422
0.577979
0.870338
0.512103
-0.573446
-1.11779
-0.881977

0.156986
0.130307
-0.227554
0.26847
0.136816
-0.114222
0.534779
0.0311994
-0.178659
0.127603
0.60232
-0.418358
-0.0399385
-0.0321665
-0.977582

0.254216
-0.103137
-1.50553
-2.83632
-0.135454
-1.71356
-2.90625
1.38293
2.18869
1.58899
0.626082
0.591235
1.51085
0.389608
0.667635

-0.0452323
0.229945
0.494259
0.869727
-0.311127
-0.303809
-0.333489
-0.103859
-0.145281
0.45226
0.666722
0.433165
-0.684631
-0.835976
-0.382674

0.329241
0.2541
0.216876
1.00939
0.269911
-0.870703
-0.677942
0.165951
0.0624992
0.145521
0.334926
-0.541366
0.218801
-0.165419
-0.751787

0.0917237
-0.227934
-1.48272
-2.51718
-0.308747
-1.29682
-2.58941
1.1988
2.00404
1.37937
0.425893
0.337828
1.34683
0.451902
1.18641

-0.045238
0.253928
0.97847
1.62757
-0.272746
-0.697312
-0.565121
-0.0612549
-0.151553
0.499255
0.771502
0.466115
-0.627498
-0.990189
-1.18593

0.18999
0.166865
0.098912
0.691553
0.171302
0.148743
0.683537
0.0688201
-0.00725529
0.101113
-0.0786732
-1.03861
0.0693711
-0.107385
-1.15829

0.315324
-0.0406619
-1.46392
-2.76085
-0.0600073
-1.61081
-2.82494
1.41869
2.22667
1.61998
0.584402
0.344423
1.54314
0.403452
0.305126

-0.0172254
0.24383
0.322303
0.429018
-0.28596
-0.239175
-0.264073
-0.0853717
-0.121146
0.464343
0.762628
0.85598
-0.656422
-0.762422
-0.646308

0.150028
0.125727
-0.219447
0.444733
0.133631
-0.394816
0.487594
0.0247086
-0.0956656
0.0240763
-0.000118715
-0.663788
0.0622031
0.273581
-0.352447

0.359815
-0.000564774
-1.46342
-2.81474
-0.0432864
-1.57769
-2.65372
1.51359
2.35315
1.71538
0.693718
-0.024269
1.65229
0.582502
-0.292767

-0.0439343
0.243489
0.333047
0.411067
-0.308487
-0.133899
0.0053606
-0.0952385
-0.130642
0.482125
0.791924
1.03554
-0.687683
-0.840797
-1.06187

0.144424
0.105961
-0.995418
-1.11954
0.112478
0.0732417
0.668711
0.00656276
-0.117355
0.0630926
0.435937
0.365869
-0.0172294
0.373058
-0.0997885

0.33884
-0.0258779
-1.05752
-2.55277
-0.0540639
-1.69826
-2.91899
1.48235
2.30813
1.6935
0.724791
-0.138251
1.60916
0.574672
-0.285711

0.00122236
0.277012
0.296386
0.319003
-0.27171
-0.179013
-0.115791
-0.0623543
-0.079609
0.503751
0.616692
1.00691
-0.653191
-0.711592
-0.947721

0.0716124
0.0498524
-0.397501
0.118457
0.054938
-0.307383
0.60192
-0.0538628
-0.127985
-0.0654525
0.03803
-0.441693
-0.00765802
0.29992
0.166805

0.392385
0.017953
-1.42195
-2.84388
-0.00620532
-1.63298
-2.6908
1.55877
2.42059
1.77539
0.719688
-0.176406
1.68663
0.618759
-0.417962

0.0599592
0.338232
0.264583
0.111172
-0.221369
-0.233095
-0.387378
-0.00880476
-0.011632
0.571892
0.767211
0.869671
-0.611383
-0.64274
-0.866318

0.150028
0.1267
-0.113892
0.763411
0.13086
-0.928654
-0.517821
0.021686
-0.0765425
-0.0677597
0.160318
-0.691812
0.151353
0.958447
-0.0663217

0.199213
-0.182432
-1.66958
-2.92953
-0.199599
-1.47434
-2.75992
1.37667
2.2364
1.5818
0.541032
0.712506
1.51931
0.712946
0.33553

0.0964112
0.372552
0.157551
-0.0720331
-0.192693
-0.0516102
-0.280178
0.020615
0.00691018
0.603168
0.88576
0.232728
-0.571529
-0.558591
-0.649062

0.181783
0.145657
-0.0595043
0.446398
0.149675
-0.107294
0.314349
0.0445845
-0.133084
0.0662192
0.114107
-0.351818
0.0434964
0.00546809
-0.860037

0.400482
0.0264616
-1.45831
-2.85728
0.0146807
-1.58177
-2.8848
1.54764
2.37439
1.77496
0.736745
-0.201831
1.66039
0.53823
-0.0899909

0.00430751
0.270641
0.292923
0.367277
-0.28192
-0.354248
-0.554326
-0.074141
-0.102306
0.49219
0.717866
0.666297
-0.67208
-0.528304
-0.244178

0.140287
0.107845
-0.666779
-0.379242
0.112264
-0.0593595
0.862128
0.00604183
-0.10227
0.0128145
0.488725
-0.60688
0.0267398
0.522407
-0.46472

0.257239
-0.116812
-1.4042
-2.8681
-0.132544
-1.75926
-2.77839
1.41057
2.25744
1.61674
0.690112
0.61529
1.54632
0.544239
0.121365

0.0232834
0.293435
0.36646
0.306163
-0.261083
-0.208387
-0.23055
-0.0519318
-0.0524672
0.525101
0.835725
0.596024
-0.646982
-0.774376
-0.720414

0.416811
0.335506
-0.426436
-0.0803967
0.338328
-0.449498
0.0242952
0.249539
0.10038
0.0147751
-0.114639
-0.851517
0.48915
0.569589
-0.615885

0.104404
-0.236022
-1.32454
-2.6174
-0.223981
-1.48266
-2.6304
1.13047
1.87703
1.30505
0.656999
0.0575511
1.26554
1.06516
1.0528

0.0630289
0.287182
0.755842
0.941164
-0.211403
-0.304176
-0.578813
-0.0276774
-0.0582348
0.454755
1.16721
0.944881
-0.518572
-1.59093
-1.32425

0.666792
0.599531
-0.767223
-0.886176
0.607417
-0.81775
-0.856507
0.509694
0.353279
0.518107
-0.394425
-0.0830564
0.567524
-0.273005
0.255798

-0.365947
-0.706449
-1.18003
-2.57909
-0.734404
-1.38523
-2.64327
0.71087
1.43613
0.913273
1.07035
1.97002
0.826013
0.879239
1.78853

0.0453977
0.306566
0.391413
0.492017
-0.212942
-0.215306
-0.19478
-0.0139984
-0.0669189
0.517569
0.897415
0.388225
-0.566383
-1.02292
-0.745357

0.602604
0.567931
-0.301819
-0.100869
0.573068
-0.353407
-0.0881403
0.481467
0.563882
0.514436
-0.395543
-1.01074
0.493348
-0.478403
-1.06781

-0.124749
-0.443559
-1.46221
-2.73463
-0.46394
-1.58691
-2.7351
0.868636
1.60498
1.04321
0.99839
1.58518
0.985936
0.905479
1.55929

0.00593602
0.242751
0.373376
0.468138
-0.233918
-0.163847
-0.147873
-0.0528733
-0.0820993
0.445295
0.712317
0.584621
-0.566626
-0.815955
-0.769243

0.489404
0.416019
-1.01302
-1.12059
0.422046
0.305058
1.24033
0.322219
0.229716
0.467429
0.478591
-0.494402
0.200832
-0.58803
-1.35561

0.0222848
-0.337581
-0.745286
-2.18939
-0.350274
-1.92731
-2.90274
1.13985
1.96258
1.34255
0.364054
0.318252
1.26922
0.6887
1.3451

0.0677777
0.327823
0.304996
0.530828
-0.211233
-0.397418
-0.484904
-0.00802999
-0.028741
0.534025
0.838307
0.630893
-0.576387
-0.828999
-0.698937

0.167877
0.157428
0.202035
0.987915
0.161014
0.136801
0.850878
0.0658709
-0.104663
0.0750313
-0.144693
-0.957496
0.0908634
-0.578284
-1.11058

0.0750483
-0.252857
-1.56597
-2.64858
-0.271019
-1.69836
-2.71835
1.09146
1.81548
1.28419
0.684018
1.04679
1.19845
0.690838
1.26886

0.00485115
0.245522
0.304979
0.355112
-0.242075
-0.22186
-0.371201
-0.0574633
-0.131655
0.44193
1.05742
0.937597
-0.58073
-1.12592
-0.616508

0.152413
0.116327
-0.350572
-0.0167087
0.117357
-0.446402
0.0678036
0.0148018
-0.172658
-0.0392735
-0.0259993
-0.67442
0.095472
0.609578
0.552282

0.373342
-0.00787691
-1.42618
-2.83575
0.00121187
-1.4899
-2.70095
1.51086
2.32002
1.74627
0.715204
-0.0282941
1.61238
0.608661
-0.399001

0.140687
0.391195
0.274248
0.116507
-0.157162
-0.252505
-0.666192
0.0449198
0.016519
0.599931
0.870608
0.876018
-0.544436
-0.603227
-1.10711

0.144629
0.115829
-0.51629
-0.660987
0.118904
0.30231
1.06562
0.0139986
-0.110606
0.103609
0.372271
0.220259
-0.0461348
-0.123929
-0.999478

0.362162
-0.0126939
-1.34663
-2.81316
-0.0205123
-1.60691
-2.71302
1.50554
2.33896
1.72332
0.70869
-0.24574
1.6256
0.55092
-0.0565281

0.00113533
0.263574
0.234586
0.113343
-0.286119
-0.0606778
0.16339
-0.080339
-0.11197
0.479083
0.58903
0.801835
-0.670017
-0.783755
-0.653099

0.197338
0.179127
-0.0645321
0.318251
0.182532
0.0113414
0.47367
0.0914225
0.039494
0.213612
0.287883
0.0176315
-0.0161332
-0.467203
-1.46443

0.201016
-0.116774
-1.35179
-2.49273
-0.131137
-1.5122
-2.55396
1.183
1.90852
1.36847
0.803358
0.755561
1.28543
0.444881
0.208349

-0.140802
0.0895131
0.34326
0.711356
-0.381981
-0.454926
-0.529705
-0.204014
-0.190178
0.278578
1.08832
2.22309
-0.713468
-1.04663
-1.07242

0.44052
0.409302
0.156035
0.614342
0.41452
0.154338
0.58954
0.319225
0.218871
0.334347
-0.513283
-1.4228
0.327233
-0.556026
-1.48617

0.163042
-0.166779
-1.48728
-2.73075
-0.188884
-1.63322
-2.78207
1.19239
1.93536
1.38047
0.878987
0.658295
1.3092
0.767971
0.703245

-0.0195862
0.226585
0.333336
0.499463
-0.267612
-0.209491
-0.238744
-0.0796806
-0.0756424
0.433433
0.672965
0.453257
-0.611878
-0.697491
-0.418915

0.18275
0.157873
0.0800223
0.820697
0.161404
-0.202296
0.284636
0.0687794
-0.0447425
-0.0392809
-0.669991
-1.51586
0.204409
0.353184
0.158416

0.190561
-0.136085
-1.42677
-2.50961
-0.148855
-1.51552
-2.6201
1.19447
1.9319
1.38528
0.6744
0.396253
1.30166
0.58963
0.692797

0.177916
0.412573
0.595628
0.710098
-0.0705356
-0.0734394
-0.209805
0.111536
0.0589477
0.60545
0.902232
0.459864
-0.398057
-1.13222
-2.15018

-0.0187228
-0.033899
0.0131318
0.739275
-0.0282617
0.0633822
0.793982
-0.136289
-0.294573
-0.146861
0.0117915
-0.442805
-0.0879336
0.122273
-0.554491

0.387089
0.0218805
-1.45931
-2.74482
-0.00838806
-1.62505
-2.79234
1.53531
2.3666
1.74258
0.708486
-0.172097
1.66672
0.587724
-0.214387

-0.0145096
0.263656
0.390428
0.605912
-0.286405
-0.218466
-0.2793
-0.0762797
-0.0796611
0.496758
0.661672
0.653475
-0.667038
-0.689183
-0.761057

0.592926
0.548849
0.110417
0.293797
0.554091
-1.21031
-0.607679
0.44671
0.479489
0.517129
0.0133068
-0.799297
0.430103
-0.254225
-1.1153

-0.0514083
-0.430827
-1.88487
-3.37416
-0.448002
-0.617292
-1.86429
1.12137
1.9828
1.33324
0.494093
1.14164
1.25371
0.37938
0.964615

-0.0387454
0.236458
0.348763
0.441845
-0.326787
-0.167433
-0.0211245
-0.11417
-0.187024
0.465858
0.940761
0.766273
-0.718621
-0.97656
-0.649495

1.077
0.956525
-0.821287
-1.28631
0.968884
-0.962239
-1.34365
0.851135
0.96969
0.914423
0.0834836
-0.968055
0.8311
-0.103907
-1.16679

-0.270757
-0.677063
-0.615005
-2.2043
-0.717477
-0.8511
-2.32908
1.05378
2.01538
1.28761
0.351514
0.819256
1.21444
0.201888
0.720928

-0.0438554
0.27954
0.350243
0.599987
-0.359297
-0.229412
-0.191467
-0.113018
-0.131575
0.558689
0.923138
0.773092
-0.804206
-0.87763
-0.73423

0.283571
0.216329
-0.194722
0.21051
0.207048
-0.768111
-0.764593
0.114467
-0.158388
-0.00927113
0.00753107
-0.530903
0.267498
0.637254
0.481781

0.298261
-0.115257
-1.45534
-2.66299
-0.0229482
-1.29576
-2.59873
1.42297
2.19492
1.7265
0.702142
-0.101659
1.45246
0.432249
0.0231866

0.416763
0.61025
0.0530792
-0.687135
0.0646802
-0.16371
-0.654887
0.24963
0.0112202
0.766513
1.03453
0.93999
-0.33951
-0.635642
-1.66577

0.0861669
0.0648692
-0.855353
-0.685513
0.06706
0.12682
1.12089
-0.0389796
-0.117757
0.049024
0.875837
-0.0966935
-0.0822848
0.237068
-0.751155

0.197898
-0.181894
-1.34615
-2.81895
-0.186205
-1.81516
-2.75819
1.35133
2.1938
1.57374
0.870201
0.449246
1.46743
0.446019
0.556886

0.0599397
0.322041
0.201053
-0.0092752
-0.231794
-0.156366
-0.0462708
-0.0252636
-0.101416
0.537549
0.714927
0.656489
-0.621725
-0.857396
-0.442492

0.120014
0.0844186
-0.327411
0.210518
0.0944498
-0.592139
0.485306
-0.017516
-0.176765
-0.0437114
-0.0335654
-0.508043
0.041644
0.446103
0.216697

0.373285
0.00839702
-1.46308
-2.89716
-0.0450565
-1.57911
-2.60737
1.55893
2.41502
1.75957
0.690648
-0.217635
1.70902
0.66037
-0.365834

-0.00966648
0.29183
0.245534
0.120063
-0.275183
-0.141194
-0.121329
-0.0542005
-0.0681193
0.540757
0.756352
0.894781
-0.659333
-0.658036
-0.862256

0.211839
0.175332
-0.695949
-0.722699
0.179969
0.121264
0.994371
0.0738888
-0.0653499
0.103736
0.317247
-0.188503
0.0741142
0.159191
-0.738451

0.350963
-0.023058
-1.24739
-2.73332
-0.0389154
-1.66621
-2.76543
1.50575
2.34919
1.72312
0.683483
-0.164152
1.63002
0.48327
-0.0873151

-0.0664934
0.203966
0.421066
0.718457
-0.351331
-0.261084
-0.24939
-0.141829
-0.1651
0.431937
0.623766
0.817466
-0.741038
-0.735868
-0.504523

1.15341
0.975337
-0.562444
-1.13146
0.994353
-0.687753
-0.901829
0.870334
1.2706
0.959721
-0.138936
-1.17292
0.846046
-0.670844
-1.80361

-0.839522
-1.2491
-0.10249
-1.84464
-1.31733
-0.239903
-1.91648
0.577148
1.57956
0.823068
0.495458
1.21533
0.753637
0.710624
1.35465

0.0488904
0.409101
0.520514
0.626182
-0.276921
-0.763549
-0.511042
-0.00643489
0.00510838
0.711509
0.937813
0.73442
-0.740948
-0.855817
-0.838824

-0.0233324
-0.0510244
-0.61338
-0.396378
-0.0461439
-0.0383654
0.6918
-0.146941
-0.270893
0.230926
0.93158
1.59088
-0.511072
-0.836135
-0.511523

0.193624
-0.156418
-1.43889
-2.76685
-0.177268
-1.69877
-2.70674
1.28061
2.06362
1.48477
0.802612
0.616432
1.39762
0.512818
0.592826

-0.221047
0.0376475
0.0229604
0.432315
-0.485057
-0.387925
0.0313607
-0.286706
-0.168281
0.106175
0.338852
0.895654
-0.722711
-0.255746
0.662508

-0.0948015
-0.112446
-0.16651
0.504479
-0.107375
-0.147001
0.559104
-0.214342
-0.366317
-0.203125
0.175266
0.130379
-0.192901
0.214932
0.0206581

0.386618
0.020654
-1.44654
-2.72748
-0.00487566
-1.61079
-2.77747
1.52911
2.35725
1.7394
0.763914
-0.173635
1.6564
0.652892
-0.365446

-0.0256322
0.24834
0.436436
0.773501
-0.299824
-0.249071
-0.372681
-0.0912442
-0.101118
0.478424
0.591191
0.909196
-0.682446
-0.669555
-0.945516

0.306999
0.259882
-0.707492
-0.392285
0.277769
-0.501137
0.365681
0.163517
0.0972381
0.211607
0.171396
-0.783591
0.14539
0.522128
-0.137103

0.229055
-0.104012
-1.24671
-2.67562
-0.208304
-1.59874
-2.56615
1.40591
2.25836
1.56648
0.628321
0.544585
1.59393
0.516526
-0.343626

-0.258767
0.071431
0.44454
0.765173
-0.484804
0.0625098
0.747604
-0.258314
-0.224559
0.343763
0.842652
1.00777
-0.851334
-1.0548
-1.15287

0.248286
0.213558
-0.885556
0.550237
0.212653
-0.785252
-0.15592
0.101954
0.0566544
0.148683
0.824139
-0.218538
0.0975018
0.335784
-0.744184

0.174788
-0.245077
-1.44292
-2.32463
-0.222867
-1.6413
-3.04192
1.4106
2.32263
1.67117
0.780087
0.350614
1.51385
0.373135
0.321833

0.0550308
0.318666
0.394815
0.294735
-0.276958
-0.0979306
-0.118782
-0.0599079
-0.117216
0.543498
0.81466
0.66285
-0.708379
-1.00978
-0.695299

0.0125607
-0.00636562
-0.185684
0.576045
-0.000449939
-0.214445
0.416531
-0.10784
-0.222669
-0.152377
-0.0864442
-0.671434
-0.0318782
0.383013
0.291438

0.387052
0.0237116
-1.44147
-2.71111
-0.00721367
-1.61614
-2.80844
1.53048
2.36912
1.73525
0.689756
-0.102323
1.66387
0.660839
-0.373382

-0.00560317
0.271888
0.419997
0.676968
-0.276
-0.245115
-0.371421
-0.0665268
-0.091044
0.502629
0.703419
0.71421
-0.651173
-0.651003
-0.931224

-0.0432613
-0.0259162
-0.021651
-0.931926
-0.0218585
-0.0379478
-0.88231
-0.109885
-0.00692405
-0.161289
0.382031
0.723346
-0.194586
0.560847
0.77133

-0.215538
-0.502268
-1.68388
-2.60505
-0.533588
-1.81821
-2.63753
0.69281
1.32722
0.842741
1.27083
1.82783
0.786521
1.3049
1.94319

0.00378683
0.229293
0.27223
0.403638
-0.205405
-0.158211
-0.284908
-0.0380347
-0.036578
0.416835
0.665158
0.507514
-0.506812
-0.790664
-0.477842

0.269172
0.235112
0.046086
0.657023
0.238643
-0.413761
-0.254003
0.144154
-0.0504555
0.003453
-0.679728
-1.51658
0.305588
0.983695
0.0316048

0.122739
-0.214625
-1.54039
-2.70022
-0.224055
-1.53159
-2.67504
1.15634
1.88448
1.33442
1.01946
1.17284
1.28585
0.559143
0.350643

-0.0104201
0.228642
0.244973
-0.0719476
-0.268932
-0.335998
-0.770585
-0.082096
-0.0633431
0.420492
1.02637
1.39271
-0.591144
-0.567962
-0.550756

0.00963561
-0.0088626
-0.149973
1.11062
-0.00721053
-0.695017
-0.253912
-0.115296
-0.208856
-0.13599
0.199481
0.106717
-0.0604826
0.251118
-0.0419746

0.361876
-0.0273094
-1.53901
-2.42239
-0.0288614
-1.52473
-2.86708
1.53748
2.40492
1.77334
0.761389
-0.232693
1.64865
0.5706
-0.416178

0.0220595
0.287687
0.333019
0.269822
-0.27777
-0.0771521
-0.0213653
-0.0673715
-0.131565
0.511099
0.730592
0.912847
-0.677933
-0.760477
-1.05349

0.121768
0.0980795
0.17024
0.801635
0.10555
-0.573719
-0.807776
-0.00279711
-0.166346
-0.0487741
-0.0397585
-0.571059
0.0775248
0.510027
0.325406

0.385729
0.0249258
-1.44633
-2.80165
-0.0150508
-1.45629
-2.81256
1.53501
2.36281
1.7392
0.694413
-0.221908
1.67056
0.660302
-0.319177

0.022699
0.307373
0.163805
0.00588302
-0.242775
-0.0384101
0.0455504
-0.0307252
-0.0554532
0.541653
0.686149
0.656407
-0.617707
-0.597267
-0.847183

0.637102
0.47006
-0.644217
-0.386986
0.486405
-0.648832
-0.426103
0.39122
0.152269
0.40136
0.408402
-0.17949
0.348942
-0.454074
-0.556059

0.0263361
-0.286474
-1.211
-2.63778
-0.341282
-1.46324
-2.78136
1.13754
1.93563
1.31297
0.254793
-0.47822
1.29759
1.3578
1.8767

-0.0294082
0.254334
0.549384
0.653225
-0.288687
-0.400713
-0.224631
-0.0734214
-0.0948958
0.497703
0.681119
0.698331
-0.647416
-1.25125
-0.323671

0.691849
0.551193
-0.631817
-0.226184
0.562522
-0.686268
-0.338196
0.459755
0.419048
0.464014
-0.0705894
-0.856017
0.461091
0.0470431
-0.847444

0.0779749
-0.283442
-1.31337
-2.83499
-0.310254
-1.48231
-2.8928
1.2709
2.16151
1.48989
0.481717
1.00406
1.4104
0.31126
0.909455

-0.000167594
0.285813
0.504345
0.490166
-0.294497
-0.396062
-0.336416
-0.0717783
-0.140413
0.531336
0.695331
0.239478
-0.696511
-0.529632
-0.280993

0.201844
0.17554
0.17242
0.690286
0.180329
0.165955
0.635745
0.078914
0.0262506
0.100865
-0.327127
-1.00031
0.0864133
-0.19288
-0.994246

0.197433
-0.154392
-1.57136
-2.87792
-0.175045
-1.71725
-2.93226
1.2904
2.09877
1.47961
0.521697
1.04282
1.42434
0.402939
0.970229

-0.00118004
0.258307
0.334923
0.4852
-0.266204
-0.223938
-0.271052
-0.0673504
-0.120783
0.48042
0.56674
0.140141
-0.630107
-0.463873
-0.221244

0.139096
0.113196
-0.18467
0.406075
0.121482
-0.513631
-0.0218886
0.0123155
-0.0994582
-0.012371
-0.0809535
-0.6692
0.0679607
0.483715
0.238331

0.379554
0.0191907
-1.4493
-2.83449
-0.0256681
-1.5143
-2.84254
1.53508
2.38056
1.73736
0.695971
-0.0933562
1.67467
0.659274
-0.322014

-0.013008
0.276389
0.206761
0.124444
-0.276949
-0.0943106
-0.132084
-0.0627082
-0.0852764
0.516337
0.751631
0.904007
-0.655695
-0.658913
-0.800626

-0.0224812
-0.0385892
-0.482933
-0.113582
-0.0285979
0.0334912
1.26016
-0.141749
-0.214233
-0.0923829
0.120076
-0.0797312
-0.14726
0.176138
-0.228324

0.377632
0.0181312
-1.43667
-2.91756
-0.0417832
-1.7032
-2.43069
1.5568
2.42009
1.7484
0.689794
-0.293623
1.71209
0.633597
-0.33302

-0.0152477
0.288669
0.300057
0.222284
-0.273088
-0.202185
-0.161916
-0.0530759
-0.0317944
0.539071
0.65346
0.845093
-0.65572
-0.687366
-0.768241

0.00987324
-0.0208746
0.424999
1.3837
-0.016078
-0.61279
-0.579271
-0.121813
-0.228295
-0.171403
-0.0822703
-0.41347
-0.0401036
0.33337
0.134424

0.375584
0.00628278
-1.42342
-2.55623
-0.0127387
-1.49922
-2.86534
1.51974
2.35665
1.7289
0.683385
-0.230834
1.64926
0.62173
-0.353752

0.043227
0.313288
0.231834
0.158643
-0.236393
-0.0870653
-0.0790606
-0.0284269
-0.0690465
0.539834
0.677009
0.737904
-0.614293
-0.648586
-0.938868

0.442927
0.283843
-0.933653
-0.835293
0.297458
-0.96389
-0.825565
0.195652
0.106258
0.17222
0.544694
0.286232
0.210867
0.688053
0.330199

0.280696
-0.0722698
-1.07848
-2.62628
-0.109108
-1.262
-2.65689
1.469
2.35957
1.67429
0.652927
-0.374505
1.62264
0.583581
-0.463171

0.0286132
0.319435
0.498015
0.549608
-0.259304
-0.471448
-0.589093
-0.034922
-0.0486308
0.57124
0.810063
0.794944
-0.654371
-0.77235
-0.7418

0.405142
0.352988
-0.492418
-0.402835
0.357563
-0.450208
-0.294488
0.253963
0.291123
0.248416
0.190422
-0.610879
0.292799
0.361819
-0.503406

0.342271
-0.0310979
-1.26402
-2.77043
-0.0408597
-1.47067
-2.86216
1.48641
2.33065
1.6988
0.659437
-0.0121635
1.6123
0.486747
-0.165225

0.0128665
0.277162
0.424603
0.557537
-0.273707
-0.259122
-0.35975
-0.0669793
-0.0847817
0.504367
0.796556
0.862549
-0.659861
-0.792482
-0.938957

0.245784
0.205925
-0.0529058
0.556811
0.211294
-0.431891
-0.274624
0.10487
0.0198411
0.0795033
-0.0864459
-0.77874
0.165695
0.324733
-0.28985

0.388269
0.0156246
-1.46046
-2.83223
-0.00407562
-1.50499
-2.90071
1.54598
2.39122
1.7601
0.680408
0.00089928
1.67424
0.566179
-0.320452

0.0982334
0.371832
0.319798
0.235983
-0.184584
-0.136922
-0.264681
0.0260774
0.00405698
0.602021
0.668212
0.291112
-0.570455
-0.592123
-0.86856

0.0102313
-0.0205361
-0.466866
-0.190969
-0.0115189
-0.00313571
0.978015
-0.120917
-0.242209
-0.108214
0.0505717
-0.257888
-0.0997496
0.266219
0.216966

0.396263
0.0374464
-1.39437
-2.87762
-0.0106514
-1.64765
-2.59773
1.55535
2.39729
1.75137
0.70198
-0.253208
1.70187
0.658272
-0.418606

-0.0249632
0.266994
0.332855
0.303178
-0.286927
-0.144704
-0.0260716
-0.0719371
-0.0640064
0.51004
0.661801
0.834447
-0.66589
-0.704827
-0.919989

0.277106
0.22683
-0.90321
-0.221445
0.23253
-0.615377
0.512624
0.120386
0.075076
0.156442
0.54857
-0.483922
0.118524
0.54156
-0.585693

0.176994
-0.218671
-1.37919
-2.81767
-0.236886
-1.77935
-2.71017
1.40548
2.31267
1.6176
0.580923
0.55341
1.55713
0.48025
0.457473

0.103909
0.392043
0.278123
0.0697976
-0.198159
-0.231569
-0.338907
0.0247874
0.00205898
0.64219
0.870619
0.473063
-0.609164
-0.87192
-0.606874

0.233778
0.182919
0.239635
0.777875
0.189997
-0.616429
-1.09957
0.0870482
-0.047183
0.0584497
0.0219171
-0.718549
0.139922
0.48635
0.063838

0.346703
-0.00946492
-1.4697
-2.83211
-0.0372668
-1.40866
-2.75339
1.46791
2.28093
1.67372
0.638455
0.234781
1.59441
0.589691
-0.316012

0.0526829
0.323548
0.229185
0.169934
-0.215737
-0.134041
-0.132875
-0.00974391
-0.0585115
0.549539
0.780636
0.731165
-0.587388
-0.689502
-1.00889

0.0773938
0.0455953
-0.540263
-0.934142
0.0479749
0.415304
0.994084
-0.0552757
-0.149315
-0.0209592
0.290821
0.144513
-0.0567845
0.117489
-0.376435

0.387939
0.0141149
-1.34511
-2.78217
0.0121316
-1.53461
-2.78344
1.52081
2.35518
1.73766
0.747695
-0.201893
1.63859
0.567468
-0.33435

0.0183014
0.274638
0.242568
0.194313
-0.270608
-0.0373568
0.126945
-0.0675505
-0.126379
0.494198
0.626102
0.758397
-0.657099
-0.724466
-0.852003

0.0229303
0.00555847
0.254976
1.01164
0.00780951
-0.54921
-0.628107
-0.0962565
-0.209117
-0.113221
0.0628004
-0.0936108
-0.0419745
0.303273
0.062509

0.39084
0.0198572
-1.43706
-2.69957
0.0136396
-1.48174
-2.8128
1.51832
2.34099
1.73614
0.724126
-0.218578
1.63295
0.61094
-0.338048

0.0729081
0.330745
0.231641
0.297189
-0.211207
-0.239966
-0.513807
-0.00866147
-0.0244423
0.548594
0.745448
0.968049
-0.591624
-0.647211
-0.957656

-0.0699921
-0.0869025
0.0421145
0.724402
-0.083714
-0.558576
-0.363841
-0.183435
-0.331508
-0.544485
-0.8857
-0.559906
0.18943
0.938731
1.77338

0.194562
-0.156016
-1.52104
-2.64083
-0.169055
-1.55311
-2.80344
1.26878
2.03044
1.44765
0.597146
0.380771
1.40915
0.707949
0.807039

0.190258
0.4412
0.531291
0.184408
-0.0762096
0.186599
-0.0248281
0.118691
-0.0165767
0.533355
0.211881
-0.525208
-0.29526
-0.469288
-0.990311

-0.0610384
-0.0576374
-0.0687022
0.56723
-0.0544594
-0.0528782
0.549257
-0.138647
-0.496447
-0.127
-0.0398611
-0.216596
-0.109272
0.11164
0.194411

-0.069441
-0.353048
-1.47037
-2.42369
-0.373633
-1.61557
-2.50637
0.817277
1.3649
0.974895
0.8884
1.48205
0.920274
0.851827
1.5125

-0.00803329
0.204924
0.388218
0.586055
-0.219584
-0.210687
-0.278207
-0.0580289
-0.065809
0.384368
1.25981
1.83148
-0.514005
-1.39321
-1.90729

0.295303
0.257911
-0.152605
0.226481
0.261028
0.0453357
0.523828
0.164462
-0.0267316
0.333114
0.58585
-0.157798
0.0248754
-0.921617
-1.45944

0.191348
-0.157599
-1.46677
-2.78932
-0.162686
-1.64397
-2.82227
1.25317
2.00591
1.4661
0.54754
-0.0857874
1.35293
0.868586
1.44283

-0.105081
0.137277
0.205142
0.351451
-0.37302
-0.449334
-0.531248
-0.182454
-0.263895
0.317055
0.611637
0.714874
-0.722229
-0.221566
0.511392

-0.197126
-0.214886
-0.419059
0.0390781
-0.211915
-0.389161
0.047231
-0.310882
-0.452032
-0.263449
0.433044
0.900683
-0.326985
0.485582
0.879876

0.287105
-0.0617268
-1.43828
-2.72213
-0.0728981
-1.56748
-2.76482
1.35573
2.11917
1.55832
0.886642
0.318391
1.46782
0.741165
-0.106997

-0.013459
0.234289
0.313832
0.458265
-0.278739
-0.230661
-0.288382
-0.0860301
-0.100149
0.439762
0.745863
1.29454
-0.638104
-0.719412
-1.13161

-0.0329802
-0.0492754
-0.643204
-0.409111
-0.0431416
0.535645
1.51823
-0.151264
-0.243958
-0.0831483
0.22092
0.145952
-0.185299
0.021196
-0.60056

0.355278
-0.00832213
-1.35951
-2.84801
-0.0416531
-1.55299
-2.52089
1.5026
2.34467
1.70715
0.704766
-0.246072
1.63644
0.568625
-0.242074

-0.0467225
0.233286
0.34719
0.331867
-0.316355
-0.08899
0.068532
-0.105777
-0.111103
0.462363
0.600987
0.836011
-0.695503
-0.753542
-0.762242

0.060288
0.0345223
-0.194834
0.254636
0.0372079
-0.254291
0.457753
-0.0685907
-0.246396
-0.0872395
0.0264313
-0.532638
-0.0135404
0.379699
0.146993

0.395394
0.0166395
-1.46144
-2.88356
0.0104365
-1.5987
-2.76235
1.54761
2.37089
1.76815
0.732345
-0.0918627
1.66723
0.643497
-0.35427

0.101016
0.364538
0.193785
-0.0745502
-0.189858
-0.238519
-0.48072
0.0173996
0.0344036
0.587423
0.806553
0.830391
-0.577895
-0.581244
-0.792725

0.282979
0.233523
-0.200366
0.142694
0.242217
-0.1693
0.0984735
0.142708
-0.053023
0.0917961
-0.0757099
-0.741736
0.216724
0.292036
-0.503016

0.267579
-0.0667808
-1.40507
-2.75659
-0.106429
-1.55732
-2.82636
1.34059
2.09586
1.51543
0.499699
0.155425
1.48455
0.558714
0.800686

0.111383
0.378622
0.623736
0.957965
-0.135726
-0.00379074
0.0427901
0.063147
0.0287101
0.605096
0.619611
0.118364
-0.483624
-1.16251
-1.76377

0.925874
0.770382
-0.571337
-1.30551
0.782333
-0.610341
-1.26496
0.684806
0.542631
0.798581
0.226849
-0.791085
0.566374
0.0251025
-0.7797

-0.0584365
-0.403459
-1.11368
-2.44264
-0.429622
-1.29398
-2.51405
1.09001
1.94016
1.32811
0.707154
0.777774
1.19748
0.365964
0.849212

-0.135686
0.139893
0.306599
0.507867
-0.420074
-0.675323
-0.963769
-0.204816
-0.283585
0.357355
1.04513
1.18666
-0.80311
-0.272618
0.215471

1.21949
0.971639
-0.127214
-1.91889
0.993356
-0.24494
-1.87126
0.882099
1.2884
0.6865
-0.423024
-1.40143
0.98862
-0.175527
-0.867822

-1.05703
-1.42407
-0.135095
-0.54093
-1.49035
-0.254085
-0.708302
0.284411
1.21653
0.349521
0.457706
1.05485
0.618907
0.354767
1.27317

0.0447228
0.389611
1.00343
0.915472
-0.28078
-1.14409
-1.39167
-0.0128137
-0.0101338
0.687826
1.32867
1.12587
-0.65562
-1.19204
-0.808459

1.01276
0.785107
-0.178956
-1.80218
0.800175
-0.351474
-1.86123
0.698406
1.01922
0.672443
-0.256872
-0.9563
0.668836
0.158826
-0.408771

-1.03725
-1.39773
-0.214717
-0.654988
-1.42082
-0.207932
-0.570112
0.221461
1.12274
0.478511
0.706299
1.52002
0.345554
0.123317
0.985645

0.123478
0.424917
1.11547
1.07456
-0.200773
-0.928383
-1.10336
0.0407768
0.0797182
0.679888
1.37304
1.51505
-0.633568
-1.7402
-1.82061

0.333708
0.290528
-0.268993
-0.239913
0.292309
-0.167194
0.0256021
0.203261
0.278719
0.234983
0.455708
-0.205695
0.203528
-0.394393
-1.04216

0.140148
-0.190191
-1.37422
-2.64032
-0.184482
-1.51212
-2.68608
1.13545
1.87267
1.33416
0.485348
0.0257509
1.22961
0.830751
1.53354

0.132601
0.352912
0.456084
0.668692
-0.127136
-0.269836
-0.368279
0.0503618
-0.0234104
0.539979
0.889576
1.16029
-0.46696
-1.29383
-1.70104

0.231978
0.181995
-0.616481
-0.71296
0.174878
-0.287807
0.0657186
0.0895881
0.000645313
-0.0342872
0.272626
-0.271534
0.254532
0.369903
0.281205

0.136713
-0.232196
-1.28802
-2.64423
-0.161502
-1.47289
-2.54686
1.15126
1.87856
1.40266
0.61656
-0.138228
1.20071
0.717645
1.37982

0.342513
0.525281
0.46972
0.363655
0.0337379
-0.53977
-1.10196
0.202724
0.0621892
0.677278
1.11493
1.18378
-0.321317
-1.2388
-1.77397

0.43095
0.370046
-0.248273
-0.225993
0.366152
-0.299865
-0.239161
0.279568
0.402064
0.343202
0.415586
-0.251759
0.256542
-0.590643
-1.00842

0.100437
-0.259813
-1.45233
-2.79802
-0.207615
-1.43816
-2.61974
1.1215
1.88155
1.37526
0.569532
0.0208355
1.16659
0.899795
1.64018

0.140323
0.336569
0.376162
0.372759
-0.15735
-0.584602
-1.01768
0.0161787
-0.11721
0.498708
1.0294
1.3148
-0.528629
-0.982493
-0.696934

0.110944
0.0816233
-0.494493
-0.594495
0.0839972
0.411383
1.15095
-0.0200176
-0.153332
0.0737357
0.326085
0.0916276
-0.0811235
-0.141989
-0.844893

0.374857
-0.000681122
-1.35662
-2.82244
-0.00349695
-1.56462
-2.68388
1.5134
2.33991
1.73841
0.727867
-0.187352
1.62405
0.548073
-0.247489

-0.00229979
0.255775
0.255196
0.146428
-0.291937
-0.0602644
0.18231
-0.0878383
-0.119927
0.46602
0.611963
0.854307
-0.677167
-0.786387
-0.746177

-0.0383001
-0.0688811
0.227548
1.26923
-0.0657007
-0.524537
-0.348922
-0.170638
-0.336625
-0.184182
0.0667954
0.0130863
-0.119587
0.227456
0.0532591

0.387291
0.0122317
-1.46166
-2.50186
0.00429366
-1.54228
-2.91356
1.53231
2.35037
1.74606
0.727356
-0.24608
1.65668
0.619448
-0.370595

0.0150834
0.277883
0.350953
0.429778
-0.272536
-0.197302
-0.199305
-0.066456
-0.127743
0.502912
0.648411
0.870828
-0.657652
-0.662434
-0.91242

0.155331
0.133778
-0.0109475
0.516849
0.140218
-0.602196
-0.494831
0.0325961
-0.0891267
0.0568049
0.160453
-0.262578
0.0416946
0.297678
-0.0757222

0.397573
0.0348642
-1.47153
-2.87714
0.00119877
-1.42662
-2.79023
1.54298
2.37439
1.74872
0.715537
-0.185442
1.67552
0.617888
-0.357718

0.0191598
0.298912
0.216424
0.275207
-0.250033
-0.158336
-0.359205
-0.0396031
-0.0128121
0.532117
0.744448
0.910663
-0.630776
-0.699124
-0.847041

0.0839109
0.0623853
0.0539793
0.631877
0.0695624
0.0254101
0.546249
-0.0349878
-0.20242
0.0403315
0.440917
0.212893
-0.0844357
-0.422382
-1.42329

0.323165
-0.0242787
-1.46351
-2.78137
-0.063129
-1.61553
-2.82991
1.43113
2.23237
1.62654
0.685037
-0.214095
1.56347
0.493079
0.637027

-0.0269392
0.247854
0.359806
0.514221
-0.282871
-0.23153
-0.274169
-0.0781987
-0.116238
0.471886
0.586493
0.757368
-0.647707
-0.777619
-0.502356

-0.0785664
-0.0913028
0.0386209
0.642652
-0.0842429
0.0495586
0.612525
-0.192543
-0.316772
-0.181016
0.0682904
-0.0997771
-0.16829
0.0903882
-0.289524

0.405663
0.0487066
-1.43071
-2.76563
0.00769886
-1.59897
-2.83154
1.5461
2.3758
1.7398
0.725744
-0.224473
1.68814
0.622035
-0.308356

0.000648572
0.2839
0.342595
0.477665
-0.26139
-0.224948
-0.299977
-0.0510154
-0.0797083
0.520785
0.644365
0.842018
-0.636185
-0.682879
-0.875874

0.194655
0.158752
0.0888134
0.682365
0.167022
0.202561
0.684714
0.0726745
0.0376565
0.0907837
0.0300025
-0.926814
0.0659084
-0.627899
-0.921195

0.0649936
-0.246965
-1.53276
-2.67036
-0.288635
-1.68378
-2.77227
1.07081
1.8118
1.22536
0.244704
0.240893
1.21648
1.4569
1.86283

-0.0267667
0.227084
0.406326
0.61299
-0.255323
0.0274437
0.245792
-0.0679128
-0.150729
0.442162
0.524389
0.427697
-0.578615
-1.3169
-0.51764

0.0266804
0.00216889
-0.0594294
0.269986
0.0136487
-0.253066
-0.234244
-0.0783435
-0.349776
-0.243812
0.178034
0.183916
0.0815256
0.366134
0.0965773

0.0548232
-0.224999
-1.45506
-2.54174
-0.292931
-1.58504
-2.68995
1.005
1.64482
1.10684
0.317715
-0.601177
1.17977
1.681
2.40094

-0.0297275
0.227432
0.446586
0.610611
-0.223088
0.081698
0.173132
-0.0429334
-0.0757362
0.431057
0.667416
0.844157
-0.487427
-1.39286
-1.23032

0.144071
0.115084
0.165205
0.943917
0.121135
-0.691322
-0.816297
0.0152119
-0.141174
-0.0644199
-0.204323
-1.00581
0.12803
0.642017
0.64867

0.345042
-0.0175947
-1.47364
-2.72931
-0.0459191
-1.42445
-2.7859
1.48182
2.30256
1.69232
0.674322
0.0932244
1.60767
0.656117
-0.376261

0.0432319
0.317857
0.200851
0.0724775
-0.227943
-0.119709
-0.200503
-0.0196237
-0.0385573
0.541
0.750175
0.567223
-0.5977
-0.521976
-0.766804

0.0808867
0.0272427
0.305056
1.22413
0.0294539
-0.519481
-0.481629
-0.0700848
-0.383277
-0.1083
0.285621
0.0369582
-0.0208168
0.35926
-0.765021

0.304001
-0.0683195
-1.50421
-2.6514
-0.0614037
-1.5519
-2.88466
1.41981
2.17994
1.64922
0.738561
-0.173186
1.52341
0.563701
0.516436

0.0825388
0.330143
0.197607
0.12286
-0.209783
-0.208727
-0.396408
-0.0100971
0.00100347
0.535587
0.805732
0.973557
-0.59032
-0.632393
-1.0013

0.343472
0.32107
-0.253452
0.433878
0.325712
-0.226093
0.330879
0.232948
0.242327
0.246587
-0.693871
-0.591834
0.277938
-0.677163
-0.312398

-0.122736
-0.442335
-1.61743
-2.7552
-0.463696
-1.76096
-2.84375
0.873733
1.61398
1.04493
0.72594
1.55439
0.994876
1.14345
2.05481

0.0233779
0.261293
0.411865
0.514553
-0.216218
-0.0628784
0.0334751
-0.0347551
-0.084592
0.46166
0.451915
0.0257633
-0.541906
-0.750234
-0.493318

0.240134
0.20149
0.292909
1.03988
0.203024
-0.50283
-0.718365
0.104138
-0.0261571
0.142562
0.437849
-0.128792
0.0918139
-0.27363
-1.10402

0.271868
-0.094453
-1.53355
-2.77562
-0.0881809
-1.50115
-2.8133
1.36947
2.15291
1.58337
0.599166
-0.00041494
1.48055
0.507571
0.841772

0.0563036
0.29955
0.15715
-0.0485275
-0.229645
-0.170306
-0.23358
-0.0340894
-0.0837798
0.506108
0.744616
1.10108
-0.60458
-0.824349
-0.635948

0.137259
0.107626
-0.39475
-0.240993
0.108802
0.0677817
0.744147
0.00983174
-0.177402
0.0229058
0.282045
0.00641857
0.022516
0.0622957
-0.758483

0.323776
-0.040058
-1.36496
-2.75432
-0.0345493
-1.57704
-2.69697
1.41544
2.1962
1.63274
0.671
-0.235307
1.52081
0.538746
0.404498

0.139148
0.381366
0.344959
0.222682
-0.144445
-0.15168
-0.177773
0.0499419
0.0439977
0.590072
0.799739
1.06562
-0.521203
-0.923676
-1.71875

0.250025
0.194794
-0.554431
-0.802432
0.196744
0.370796
0.987607
0.0987428
-0.141477
0.147731
0.426539
0.109566
0.0630249
-0.200424
-1.1468

0.277361
-0.0907673
-1.32415
-2.74502
-0.0814857
-1.62158
-2.79892
1.38023
2.15934
1.6007
0.640293
-0.181458
1.48804
0.462651
0.834774

-0.00277747
0.239879
0.272414
0.142167
-0.292815
-0.0745331
0.119644
-0.096381
-0.106355
0.447722
0.695205
1.01141
-0.672607
-0.8596
-0.823368

0.247117
0.185374
0.0406864
0.5113
0.18912
-0.531151
-0.480019
0.091399
-0.199542
0.0706652
0.308042
0.0429643
0.126278
0.11751
-0.719742

0.277945
-0.0827089
-1.49329
-2.85114
-0.0835731
-1.47049
-2.75973
1.37365
2.13378
1.59554
0.663382
-0.251111
1.47844
0.430478
1.03885

0.0945785
0.342598
0.196909
0.015352
-0.187008
-0.178537
-0.298956
0.0103527
-0.00589447
0.552861
0.888587
1.18205
-0.562008
-0.710082
-1.3408

0.189729
0.154588
0.180799
0.785937
0.161874
-0.47593
-0.728929
0.0569017
-0.0597818
0.0203358
-0.136555
-0.885231
0.120622
0.467388
0.148253

0.368783
0.0137675
-1.44473
-2.7668
-0.0210039
-1.46639
-2.81293
1.49446
2.31714
1.70059
0.690786
0.0680089
1.62152
0.59827
-0.361479

0.00188562
0.278081
0.228043
0.142468
-0.262001
-0.14563
-0.0804237
-0.0545335
-0.0886758
0.506005
0.786487
0.898218
-0.633537
-0.671967
-0.904421

0.113464
0.0727111
-0.148402
0.998972
0.0720413
-0.422959
-0.216706
-0.0293888
-0.207834
0.00434013
0.256319
-0.0119437
-0.0346965
0.0162618
-0.462179

0.37361
-0.0143672
-1.47546
-2.45997
0.00805038
-1.52304
-2.88607
1.51418
2.33179
1.75164
0.75481
-0.162694
1.61409
0.536356
-0.362929

0.096504
0.338649
0.364739
0.350101
-0.211636
-0.233927
-0.346826
-0.0113903
-0.0389195
0.548831
0.799862
1.02702
-0.610571
-0.868366
-1.20407

0.471721
0.386167
-0.669345
-1.03246
0.392687
-0.564461
-0.435401
0.297599
0.27526
0.303935
-0.3649
-1.05156
0.313085
0.839119
0.838555

-0.017258
-0.360953
-1.01495
-2.05616
-0.372908
-1.19496
-2.14168
1.05988
1.8093
1.28855
1.00874
1.41192
1.15076
0.21755
-0.787832

0.016471
0.266785
0.959803
1.92378
-0.253017
-1.02652
-1.66618
-0.0569766
-0.235362
0.471319
1.18794
0.517203
-0.622634
-0.645146
-0.83746

0.989042
0.782948
-0.975611
-1.56155
0.798304
-1.09498
-1.25202
0.682304
0.701377
0.701631
0.794949
-0.346551
0.651405
0.166971
-1.03821

-0.185131
-0.593081
-0.707414
-2.44023
-0.62524
-0.232942
-1.89919
1.19899
2.2401
1.44583
0.160191
-0.229392
1.37131
0.137278
0.358932

-0.026892
0.305476
0.787394
0.833562
-0.371603
-0.75323
-0.499307
-0.110621
-0.174174
0.597159
0.93603
0.924849
-0.837008
-0.960015
-0.65162

1.12839
0.923324
-0.780623
-1.40171
0.935056
-0.965033
-1.18044
0.823363
0.624233
0.778313
-0.0755065
-0.954258
0.86105
0.155461
-0.871623

-0.377767
-0.789616
-0.85082
-2.54198
-0.795454
-0.271448
-1.90414
0.98076
1.97352
1.25002
0.652129
1.04227
1.12308
-0.0173775
0.52681

-0.0453186
0.266357
0.856053
0.813299
-0.39958
-0.579345
-0.449118
-0.148039
-0.29215
0.537486
1.21563
0.622429
-0.867676
-0.973839
-0.556188

0.710547
0.541266
-0.898323
-1.19417
0.552604
-1.16673
-1.17612
0.452171
0.114341
0.288074
0.342595
-0.659418
0.609784
1.01101
0.472362

-0.159169
-0.521924
-0.858308
-2.40536
-0.538458
-0.365734
-1.80924
1.03995
1.87408
1.25254
0.200734
-0.0519667
1.19064
0.538057
0.614157

0.0790198
0.360695
0.98712
1.10155
-0.225561
-0.11574
-0.0290364
-0.00213465
-0.182018
0.590824
1.00885
0.925865
-0.611777
-1.57728
-2.31038

0.789171
0.63186
-0.878732
-1.15065
0.645723
-1.11656
-0.956547
0.539504
0.456691
0.483119
0.580393
-0.405052
0.600829
0.00986755
-0.229619

-0.278405
-0.645479
-1.01685
-2.6092
-0.68444
-0.569952
-2.04863
0.95407
1.87042
1.15295
0.0372495
-0.327299
1.12696
1.2307
1.8079

0.00827415
0.309967
0.826905
0.911131
-0.288526
-0.419379
-0.250278
-0.0565957
-0.151529
0.571153
0.888442
0.773243
-0.689283
-1.72957
-0.703951

0.923736
0.732312
-0.967513
-1.22754
0.745404
-1.17179
-0.9155
0.630591
0.513418
0.631041
0.723202
-0.360726
0.626241
0.183927
-1.0668

-0.0881037
-0.501904
-0.988081
-2.78839
-0.52241
-0.284819
-1.9584
1.27934
2.30038
1.52219
0.252628
-0.0459004
1.45009
0.204625
0.168751

0.0248281
0.347003
0.764082
0.678159
-0.320991
-0.594341
-0.464461
-0.0661859
-0.111288
0.631873
0.888029
0.709239
-0.78266
-0.984824
-0.71846

0.0347526
0.0111526
-0.457385
-0.113388
0.015378
0.0549102
1.19282
-0.091805
-0.186898
-0.0238671
0.21569
-0.201923
-0.124909
0.0261489
-0.350679

0.375403
0.00156422
-1.4203
-2.8794
-0.0160616
-1.66272
-2.47351
1.53148
2.37653
1.75251
0.73739
-0.145018
1.65121
0.569995
-0.399075

0.0622819
0.333913
0.295896
0.165177
-0.221169
-0.296343
-0.36622
-0.0115115
-0.00621518
0.556935
0.764808
0.982649
-0.610223
-0.734656
-0.915322

