0.164635
0.380848
0.059318
0.403691
-0.107251
-0.00167148
0.181144
0.37007
0.192017
0.138086
0.383451
0.00240978
0.522136
-0.0198924
0.0403534
0.148308
0.184598
0.0705894
0.260298
0.383471
0.0615275
0.971305
-0.695695
-0.00104891
-0.0320409
0.414636
0.00533206
0.20084
-0.164007
0.0123823
0.204139
-0.332271
0.00648297
0.0230727
0.376292
0.0592293
0.917901
-0.307684
0.00546314
0.0284871
0.386294
-0.0226227
-0.0392834
0.108262
-0.0204123
0.149901
0.186606
0.0357879
0.20884
0.371182
0.123788
0.0790142
0.352277
0.0394175
0.150345
0.209177
0.0895734
0.172567
0.146426
-0.06747
-0.0215663
0.37899
-0.00943303
0.0820619
0.326355
-0.0266038
0.970296
-0.0970337
-0.0515988
0.275489
0.27277
-0.0164319
-0.235976
0.303702
-0.0153292
0.0357586
0.358898
0.124096
0.0183647
0.379087
0.0136397
0.272663
0.255003
-0.0281785
0.0270474
-0.246374
0.0243651
0.26609
0.149642
0.057565
0.115343
0.395155
-0.0503105
0.174685
0.380798
0.0963355
0.146935
0.27193
0.123958
0.138037
0.37286
0.0559837
0.071015
0.199518
-0.0201616
0.268417
0.110302
-0.0594067
0.130234
0.34983
-0.0277831
0.0836365
0.294326
0.00773783
0.710591
0.113014
0.00171054
0.274359
0.254749
-0.0558283
0.50145
0.13227
-0.224654
0.577517
-0.163723
0.0529326
0.156986
0.254216
-0.0452323
0.329241
0.0917237
-0.045238
0.18999
0.315324
-0.0172254
0.150028
0.359815
-0.0439343
0.144424
0.33884
0.00122236
0.0716124
0.392385
0.0599592
0.150028
0.199213
0.0964112
0.181783
0.400482
0.00430751
0.140287
0.257239
0.0232834
0.416811
0.104404
0.0630289
0.666792
-0.365947
0.0453977
0.602604
-0.124749
0.00593602
0.489404
0.0222848
0.0677777
0.167877
0.0750483
0.00485115
0.152413
0.373342
0.140687
0.144629
0.362162
0.00113533
0.197338
0.201016
-0.140802
0.44052
0.163042
-0.0195862
0.18275
0.190561
0.177916
-0.0187228
0.387089
-0.0145096
0.592926
-0.0514083
-0.0387454
1.077
-0.270757
-0.0438554
0.283571
0.298261
0.416763
0.0861669
0.197898
0.0599397
0.120014
0.373285
-0.00966648
0.211839
0.350963
-0.0664934
1.15341
-0.839522
0.0488904
-0.0233324
0.193624
-0.221047
-0.0948015
0.386618
-0.0256322
0.306999
0.229055
-0.258767
0.248286
0.174788
0.0550308
0.0125607
0.387052
-0.00560317
-0.0432613
-0.215538
0.00378683
0.269172
0.122739
-0.0104201
0.00963561
0.361876
0.0220595
0.121768
0.385729
0.022699
0.637102
0.0263361
-0.0294082
0.691849
0.0779749
-0.000167594
0.201844
0.197433
-0.00118004
0.139096
0.379554
-0.013008
-0.0224812
0.377632
-0.0152477
0.00987324
0.375584
0.043227
0.442927
0.280696
0.0286132
0.405142
0.342271
0.0128665
0.245784
0.388269
0.0982334
0.0102313
0.396263
-0.0249632
0.277106
0.176994
0.103909
0.233778
0.346703
0.0526829
0.0773938
0.387939
0.0183014
0.0229303
0.39084
0.0729081
-0.0699921
0.194562
0.190258
-0.0610384
-0.069441
-0.00803329
0.295303
0.191348
-0.105081
-0.197126
0.287105
-0.013459
-0.0329802
0.355278
-0.0467225
0.060288
0.395394
0.101016
0.282979
0.267579
0.111383
0.925874
-0.0584365
-0.135686
1.21949
-1.05703
0.0447228
1.01276
-1.03725
0.123478
0.333708
0.140148
0.132601
0.231978
0.136713
0.342513
0.43095
0.100437
0.140323
0.110944
0.374857
-0.00229979
-0.0383001
0.387291
0.0150834
0.155331
0.397573
0.0191598
0.0839109
0.323165
-0.0269392
-0.0785664
0.405663
0.000648572
0.194655
0.0649936
-0.0267667
0.0266804
0.0548232
-0.0297275
0.144071
0.345042
0.0432319
0.0808867
0.304001
0.0825388
0.343472
-0.122736
0.0233779
0.240134
0.271868
0.0563036
0.137259
0.323776
0.139148
0.250025
0.277361
-0.00277747
0.247117
0.277945
0.0945785
0.189729
0.368783
0.00188562
0.113464
0.37361
0.096504
0.471721
-0.017258
0.016471
0.989042
-0.185131
-0.026892
1.12839
-0.377767
-0.0453186
0.710547
-0.159169
0.0790198
0.789171
-0.278405
0.00827415
0.923736
-0.0881037
0.0248281
0.0347526
0.375403
0.0622819

0.132257
0.00423199
0.328611
0.28454
-0.475009
0.292426
0.150819
-0.0142654
0.431854
0.112071
-0.000921204
0.277566
0.357086
-0.36115
0.333126
0.1424
-0.164506
0.324687
0.221638
0.00694993
0.316055
0.850768
-1.06695
0.300027
-0.0546074
0.047314
0.286221
0.199401
-0.44973
0.229286
0.207789
-0.599031
0.216403
-0.00107344
0.00411967
0.326202
0.756775
-0.76243
0.351244
-0.00875512
0.0237726
0.251275
-0.018373
-0.207635
0.231473
0.127297
-0.16447
0.264116
0.172981
-0.00658377
0.363473
0.0454391
-0.0158313
0.316735
0.104673
-0.175552
0.354272
0.105987
-0.19158
0.198907
-0.0400287
0.0130546
0.280301
0.0663168
-0.0364927
0.253659
0.792211
-0.403956
0.2566
0.23063
-0.10079
0.273817
-0.231865
-0.0256656
0.248345
0.0149833
-0.0296541
0.373267
-0.00578628
-0.0126461
0.274297
0.236572
-0.101508
0.23775
0.0287491
-0.527353
0.236911
0.244721
-0.189978
0.284757
0.079045
0.0279353
0.217355
0.149234
-0.00101319
0.346967
0.117354
-0.0652614
0.372712
0.108251
-0.0135038
0.307591
0.0670851
-0.123685
0.241081
0.237041
-0.19885
0.204033
0.105058
-0.0120007
0.245151
0.0694516
-0.0846594
0.318848
0.600136
-0.289941
0.310801
0.251094
-0.138519
0.247963
0.463228
-0.249001
0.0502153
0.547138
-0.518642
0.33699
0.130307
-0.103137
0.229945
0.2541
-0.227934
0.253928
0.166865
-0.0406619
0.24383
0.125727
-0.000564774
0.243489
0.105961
-0.0258779
0.277012
0.0498524
0.017953
0.338232
0.1267
-0.182432
0.372552
0.145657
0.0264616
0.270641
0.107845
-0.116812
0.293435
0.335506
-0.236022
0.287182
0.599531
-0.706449
0.306566
0.567931
-0.443559
0.242751
0.416019
-0.337581
0.327823
0.157428
-0.252857
0.245522
0.116327
-0.00787691
0.391195
0.115829
-0.0126939
0.263574
0.179127
-0.116774
0.0895131
0.409302
-0.166779
0.226585
0.157873
-0.136085
0.412573
-0.033899
0.0218805
0.263656
0.548849
-0.430827
0.236458
0.956525
-0.677063
0.27954
0.216329
-0.115257
0.61025
0.0648692
-0.181894
0.322041
0.0844186
0.00839702
0.29183
0.175332
-0.023058
0.203966
0.975337
-1.2491
0.409101
-0.0510244
-0.156418
0.0376475
-0.112446
0.020654
0.24834
0.259882
-0.104012
0.071431
0.213558
-0.245077
0.318666
-0.00636562
0.0237116
0.271888
-0.0259162
-0.502268
0.229293
0.235112
-0.214625
0.228642
-0.0088626
-0.0273094
0.287687
0.0980795
0.0249258
0.307373
0.47006
-0.286474
0.254334
0.551193
-0.283442
0.285813
0.17554
-0.154392
0.258307
0.113196
0.0191907
0.276389
-0.0385892
0.0181312
0.288669
-0.0208746
0.00628278
0.313288
0.283843
-0.0722698
0.319435
0.352988
-0.0310979
0.277162
0.205925
0.0156246
0.371832
-0.0205361
0.0374464
0.266994
0.22683
-0.218671
0.392043
0.182919
-0.00946492
0.323548
0.0455953
0.0141149
0.274638
0.00555847
0.0198572
0.330745
-0.0869025
-0.156016
0.4412
-0.0576374
-0.353048
0.204924
0.257911
-0.157599
0.137277
-0.214886
-0.0617268
0.234289
-0.0492754
-0.00832213
0.233286
0.0345223
0.0166395
0.364538
0.233523
-0.0667808
0.378622
0.770382
-0.403459
0.139893
0.971639
-1.42407
0.389611
0.785107
-1.39773
0.424917
0.290528
-0.190191
0.352912
0.181995
-0.232196
0.525281
0.370046
-0.259813
0.336569
0.0816233
-0.000681122
0.255775
-0.0688811
0.0122317
0.277883
0.133778
0.0348642
0.298912
0.0623853
-0.0242787
0.247854
-0.0913028
0.0487066
0.2839
0.158752
-0.246965
0.227084
0.00216889
-0.224999
0.227432
0.115084
-0.0175947
0.317857
0.0272427
-0.0683195
0.330143
0.32107
-0.442335
0.261293
0.20149
-0.094453
0.29955
0.107626
-0.040058
0.381366
0.194794
-0.0907673
0.239879
0.185374
-0.0827089
0.342598
0.154588
0.0137675
0.278081
0.0727111
-0.0143672
0.338649
0.386167
-0.360953
0.266785
0.782948
-0.593081
0.305476
0.923324
-0.789616
0.266357
0.541266
-0.521924
0.360695
0.63186
-0.645479
0.309967
0.732312
-0.501904
0.347003
0.0111526
0.00156422
0.333913

-0.515349
-1.32357
0.220549
-1.28412
-0.363177
0.285582
-0.495977
-1.34429
0.396913
-0.590202
-1.37346
0.366872
-0.128194
-1.84494
0.602634
-0.0808941
-1.52479
0.427445
-0.448621
-1.30892
0.284478
-0.638822
-0.60777
0.561176
-0.13002
-1.45418
0.283599
0.234244
-1.60942
0.306627
-0.00191655
-1.67685
0.291828
0.349172
-1.43952
0.196483
-0.98412
0.150634
0.365443
-0.419357
-1.40979
0.370968
0.145852
-1.49446
0.328826
0.0356048
-1.5307
0.203202
-0.554217
-1.25049
0.316316
0.0550446
-1.50456
0.230862
-0.0792966
-1.69127
0.329874
-1.02396
-1.02841
0.320511
-0.624617
-1.37485
0.324402
-0.30522
-1.48323
0.315136
-0.437189
-1.04702
0.907358
-1.00547
-1.05162
0.440279
-0.140056
-1.39239
0.36146
-0.29839
-1.49801
0.358826
-0.316318
-1.5139
0.39688
-0.1611
-1.48967
0.387732
-0.120224
-1.6456
0.34714
0.103767
-1.49598
0.228721
-0.23441
-1.39906
0.501177
-0.544688
-1.30651
0.271425
0.18983
-1.44497
0.442584
-0.50277
-1.38078
0.276742
0.124106
-1.46153
0.41552
-0.162298
-1.41774
0.457343
-0.627366
-1.27768
0.34045
-0.382259
-1.59596
0.290765
-1.05521
-0.652839
0.423396
-0.630729
-1.51234
0.19843
-0.612088
-1.35377
0.254093
-0.974982
-0.602948
0.425046
-0.227554
-1.50553
0.494259
0.216876
-1.48272
0.97847
0.098912
-1.46392
0.322303
-0.219447
-1.46342
0.333047
-0.995418
-1.05752
0.296386
-0.397501
-1.42195
0.264583
-0.113892
-1.66958
0.157551
-0.0595043
-1.45831
0.292923
-0.666779
-1.4042
0.36646
-0.426436
-1.32454
0.755842
-0.767223
-1.18003
0.391413
-0.301819
-1.46221
0.373376
-1.01302
-0.745286
0.304996
0.202035
-1.56597
0.304979
-0.350572
-1.42618
0.274248
-0.51629
-1.34663
0.234586
-0.0645321
-1.35179
0.34326
0.156035
-1.48728
0.333336
0.0800223
-1.42677
0.595628
0.0131318
-1.45931
0.390428
0.110417
-1.88487
0.348763
-0.821287
-0.615005
0.350243
-0.194722
-1.45534
0.0530792
-0.855353
-1.34615
0.201053
-0.327411
-1.46308
0.245534
-0.695949
-1.24739
0.421066
-0.562444
-0.10249
0.520514
-0.61338
-1.43889
0.0229604
-0.16651
-1.44654
0.436436
-0.707492
-1.24671
0.44454
-0.885556
-1.44292
0.394815
-0.185684
-1.44147
0.419997
-0.021651
-1.68388
0.27223
0.046086
-1.54039
0.244973
-0.149973
-1.53901
0.333019
0.17024
-1.44633
0.163805
-0.644217
-1.211
0.549384
-0.631817
-1.31337
0.504345
0.17242
-1.57136
0.334923
-0.18467
-1.4493
0.206761
-0.482933
-1.43667
0.300057
0.424999
-1.42342
0.231834
-0.933653
-1.07848
0.498015
-0.492418
-1.26402
0.424603
-0.0529058
-1.46046
0.319798
-0.466866
-1.39437
0.332855
-0.90321
-1.37919
0.278123
0.239635
-1.4697
0.229185
-0.540263
-1.34511
0.242568
0.254976
-1.43706
0.231641
0.0421145
-1.52104
0.531291
-0.0687022
-1.47037
0.388218
-0.152605
-1.46677
0.205142
-0.419059
-1.43828
0.313832
-0.643204
-1.35951
0.34719
-0.194834
-1.46144
0.193785
-0.200366
-1.40507
0.623736
-0.571337
-1.11368
0.306599
-0.127214
-0.135095
1.00343
-0.178956
-0.214717
1.11547
-0.268993
-1.37422
0.456084
-0.616481
-1.28802
0.46972
-0.248273
-1.45233
0.376162
-0.494493
-1.35662
0.255196
0.227548
-1.46166
0.350953
-0.0109475
-1.47153
0.216424
0.0539793
-1.46351
0.359806
0.0386209
-1.43071
0.342595
0.0888134
-1.53276
0.406326
-0.0594294
-1.45506
0.446586
0.165205
-1.47364
0.200851
0.305056
-1.50421
0.197607
-0.253452
-1.61743
0.411865
0.292909
-1.53355
0.15715
-0.39475
-1.36496
0.344959
-0.554431
-1.32415
0.272414
0.0406864
-1.49329
0.196909
0.180799
-1.44473
0.228043
-0.148402
-1.47546
0.364739
-0.669345
-1.01495
0.959803
-0.975611
-0.707414
0.787394
-0.780623
-0.85082
0.856053
-0.898323
-0.858308
0.98712
-0.878732
-1.01685
0.826905
-0.967513
-0.988081
0.764082
-0.457385
-1.4203
0.295896

0.0253556
-2.73981
0.222887
-2.07708
-1.73352
0.420315
0.0861578
-2.68059
0.0994581
0.329504
-2.65221
0.389808
0.64559
-3.196
0.812847
0.43992
-2.81934
0.545705
-0.468594
-2.79871
0.2665
-0.941003
-2.19094
0.599481
0.507691
-2.82074
0.295016
0.849422
-2.59506
0.439375
-0.6682
-2.49467
0.386704
1.29309
-2.58088
0.0788384
-2.10449
-1.38185
0.441865
0.0338144
-2.82453
0.539028
0.757205
-2.63174
0.506472
0.550896
-2.81251
0.0943328
-0.785291
-2.71416
0.13965
1.01787
-2.66586
0.181011
1.18459
-2.53513
0.429491
-0.986103
-2.39619
0.496841
-0.331362
-2.86076
0.291922
0.332056
-2.84914
0.333021
-0.949853
-2.27491
1.66314
-0.020444
-2.26791
0.5351
0.562019
-2.58478
0.552751
0.940202
-2.40323
0.278821
0.954129
-2.4091
0.316668
0.189574
-2.87233
0.641634
-0.480717
-2.68263
0.521601
0.489221
-2.76494
0.207912
0.204939
-2.77176
0.926551
-0.497901
-2.78198
0.0888353
0.803463
-2.67889
0.400967
0.106653
-2.77011
0.0425858
0.702953
-2.66017
0.682499
0.135542
-2.63075
0.875666
-0.821499
-2.73258
0.483004
0.292627
-3.02424
0.251502
-1.36399
-2.31037
0.503491
-0.226676
-3.09303
0.179681
-0.849996
-2.85045
0.576782
-0.246702
-1.81653
0.26712
0.26847
-2.83632
0.869727
1.00939
-2.51718
1.62757
0.691553
-2.76085
0.429018
0.444733
-2.81474
0.411067
-1.11954
-2.55277
0.319003
0.118457
-2.84388
0.111172
0.763411
-2.92953
-0.0720331
0.446398
-2.85728
0.367277
-0.379242
-2.8681
0.306163
-0.0803967
-2.6174
0.941164
-0.886176
-2.57909
0.492017
-0.100869
-2.73463
0.468138
-1.12059
-2.18939
0.530828
0.987915
-2.64858
0.355112
-0.0167087
-2.83575
0.116507
-0.660987
-2.81316
0.113343
0.318251
-2.49273
0.711356
0.614342
-2.73075
0.499463
0.820697
-2.50961
0.710098
0.739275
-2.74482
0.605912
0.293797
-3.37416
0.441845
-1.28631
-2.2043
0.599987
0.21051
-2.66299
-0.687135
-0.685513
-2.81895
-0.0092752
0.210518
-2.89716
0.120063
-0.722699
-2.73332
0.718457
-1.13146
-1.84464
0.626182
-0.396378
-2.76685
0.432315
0.504479
-2.72748
0.773501
-0.392285
-2.67562
0.765173
0.550237
-2.32463
0.294735
0.576045
-2.71111
0.676968
-0.931926
-2.60505
0.403638
0.657023
-2.70022
-0.0719476
1.11062
-2.42239
0.269822
0.801635
-2.80165
0.00588302
-0.386986
-2.63778
0.653225
-0.226184
-2.83499
0.490166
0.690286
-2.87792
0.4852
0.406075
-2.83449
0.124444
-0.113582
-2.91756
0.222284
1.3837
-2.55623
0.158643
-0.835293
-2.62628
0.549608
-0.402835
-2.77043
0.557537
0.556811
-2.83223
0.235983
-0.190969
-2.87762
0.303178
-0.221445
-2.81767
0.0697976
0.777875
-2.83211
0.169934
-0.934142
-2.78217
0.194313
1.01164
-2.69957
0.297189
0.724402
-2.64083
0.184408
0.56723
-2.42369
0.586055
0.226481
-2.78932
0.351451
0.0390781
-2.72213
0.458265
-0.409111
-2.84801
0.331867
0.254636
-2.88356
-0.0745502
0.142694
-2.75659
0.957965
-1.30551
-2.44264
0.507867
-1.91889
-0.54093
0.915472
-1.80218
-0.654988
1.07456
-0.239913
-2.64032
0.668692
-0.71296
-2.64423
0.363655
-0.225993
-2.79802
0.372759
-0.594495
-2.82244
0.146428
1.26923
-2.50186
0.429778
0.516849
-2.87714
0.275207
0.631877
-2.78137
0.514221
0.642652
-2.76563
0.477665
0.682365
-2.67036
0.61299
0.269986
-2.54174
0.610611
0.943917
-2.72931
0.0724775
1.22413
-2.6514
0.12286
0.433878
-2.7552
0.514553
1.03988
-2.77562
-0.0485275
-0.240993
-2.75432
0.222682
-0.802432
-2.74502
0.142167
0.5113
-2.85114
0.015352
0.785937
-2.7668
0.142468
0.998972
-2.45997
0.350101
-1.03246
-2.05616
1.92378
-1.56155
-2.44023
0.833562
-1.40171
-2.54198
0.813299
-1.19417
-2.40536
1.10155
-1.15065
-2.6092
0.911131
-1.22754
-2.78839
0.678159
-0.113388
-2.8794
0.165177

0.136356
-0.00931817
-0.227291
0.296239
-0.511672
-0.289303
0.149653
0.00780544
-0.112938
0.115926
-0.0149979
-0.290073
0.372229
-0.407258
-0.238863
0.14565
-0.181736
-0.192743
0.223796
0.00892671
-0.231293
0.863222
-1.10825
-0.289754
-0.0484403
0.0160347
-0.268328
0.20316
-0.472621
-0.200525
0.212082
-0.62756
-0.190174
0.0026913
-0.0101052
-0.223719
0.768844
-0.785612
-0.360216
-0.00239997
-0.00374194
-0.294353
-0.0136496
-0.244658
-0.251593
0.127368
-0.154085
-0.239385
0.172754
0.0109395
-0.174402
0.051555
-0.0429324
-0.236684
0.107832
-0.177956
-0.208672
0.114846
-0.226604
-0.321761
-0.0326033
-0.0283577
-0.278301
0.07251
-0.0704356
-0.295642
0.813468
-0.490442
-0.297974
0.238524
-0.136455
-0.296139
-0.225856
-0.0656723
-0.256423
0.0144055
-0.0150281
-0.180556
-0.0048398
-0.00732777
-0.290672
0.24232
-0.125334
-0.29631
0.032111
-0.548747
-0.185993
0.245737
-0.186525
-0.205862
0.0839377
0.0101663
-0.329252
0.149759
0.00760682
-0.201343
0.122146
-0.084969
-0.130545
0.108651
-0.00243495
-0.246399
0.0738016
-0.165662
-0.255412
0.246799
-0.252385
-0.281451
0.110769
-0.0393143
-0.298365
0.0786657
-0.139548
-0.264887
0.610345
-0.318736
-0.312978
0.258238
-0.176052
-0.346299
0.468064
-0.265392
-0.513152
0.555433
-0.561982
-0.207099
0.136816
-0.135454
-0.311127
0.269911
-0.308747
-0.272746
0.171302
-0.0600073
-0.28596
0.133631
-0.0432864
-0.308487
0.112478
-0.0540639
-0.27171
0.054938
-0.00620532
-0.221369
0.13086
-0.199599
-0.192693
0.149675
0.0146807
-0.28192
0.112264
-0.132544
-0.261083
0.338328
-0.223981
-0.211403
0.607417
-0.734404
-0.212942
0.573068
-0.46394
-0.233918
0.422046
-0.350274
-0.211233
0.161014
-0.271019
-0.242075
0.117357
0.00121187
-0.157162
0.118904
-0.0205123
-0.286119
0.182532
-0.131137
-0.381981
0.41452
-0.188884
-0.267612
0.161404
-0.148855
-0.0705356
-0.0282617
-0.00838806
-0.286405
0.554091
-0.448002
-0.326787
0.968884
-0.717477
-0.359297
0.207048
-0.0229482
0.0646802
0.06706
-0.186205
-0.231794
0.0944498
-0.0450565
-0.275183
0.179969
-0.0389154
-0.351331
0.994353
-1.31733
-0.276921
-0.0461439
-0.177268
-0.485057
-0.107375
-0.00487566
-0.299824
0.277769
-0.208304
-0.484804
0.212653
-0.222867
-0.276958
-0.000449939
-0.00721367
-0.276
-0.0218585
-0.533588
-0.205405
0.238643
-0.224055
-0.268932
-0.00721053
-0.0288614
-0.27777
0.10555
-0.0150508
-0.242775
0.486405
-0.341282
-0.288687
0.562522
-0.310254
-0.294497
0.180329
-0.175045
-0.266204
0.121482
-0.0256681
-0.276949
-0.0285979
-0.0417832
-0.273088
-0.016078
-0.0127387
-0.236393
0.297458
-0.109108
-0.259304
0.357563
-0.0408597
-0.273707
0.211294
-0.00407562
-0.184584
-0.0115189
-0.0106514
-0.286927
0.23253
-0.236886
-0.198159
0.189997
-0.0372668
-0.215737
0.0479749
0.0121316
-0.270608
0.00780951
0.0136396
-0.211207
-0.083714
-0.169055
-0.0762096
-0.0544594
-0.373633
-0.219584
0.261028
-0.162686
-0.37302
-0.211915
-0.0728981
-0.278739
-0.0431416
-0.0416531
-0.316355
0.0372079
0.0104365
-0.189858
0.242217
-0.106429
-0.135726
0.782333
-0.429622
-0.420074
0.993356
-1.49035
-0.28078
0.800175
-1.42082
-0.200773
0.292309
-0.184482
-0.127136
0.174878
-0.161502
0.0337379
0.366152
-0.207615
-0.15735
0.0839972
-0.00349695
-0.291937
-0.0657007
0.00429366
-0.272536
0.140218
0.00119877
-0.250033
0.0695624
-0.063129
-0.282871
-0.0842429
0.00769886
-0.26139
0.167022
-0.288635
-0.255323
0.0136487
-0.292931
-0.223088
0.121135
-0.0459191
-0.227943
0.0294539
-0.0614037
-0.209783
0.325712
-0.463696
-0.216218
0.203024
-0.0881809
-0.229645
0.108802
-0.0345493
-0.144445
0.196744
-0.0814857
-0.292815
0.18912
-0.0835731
-0.187008
0.161874
-0.0210039
-0.262001
0.0720413
0.00805038
-0.211636
0.392687
-0.372908
-0.253017
0.798304
-0.62524
-0.371603
0.935056
-0.795454
-0.39958
0.552604
-0.538458
-0.225561
0.645723
-0.68444
-0.288526
0.745404
-0.52241
-0.320991
0.015378
-0.0160616
-0.221169

-0.295228
-1.60613
-0.407707
-1.4162
-0.485145
-0.237561
-0.270695
-1.51879
-0.255401
-0.330499
-1.60688
-0.0612695
-1.33989
0.00884862
-0.476293
-0.0297876
-1.68502
-0.327061
-0.0016895
-1.57879
-0.14341
-0.841707
-0.684294
-0.405045
-0.170073
-1.60781
-0.221078
0.279402
-1.73481
-0.164506
-0.0765816
-1.78972
-0.156262
-0.600439
-1.50294
-0.135078
-1.17884
0.0730057
-0.332409
-0.457049
-1.54375
-0.174044
0.139764
-1.6599
-0.198031
-0.116313
-1.62373
-0.328738
0.103328
-1.58166
-0.12859
-0.961103
-1.33726
-0.0780701
-0.903465
-1.49716
-0.210913
-1.03595
-1.26946
-0.173756
0.11625
-1.64897
-0.158831
-0.165393
-1.66745
-0.108874
-0.644099
-1.26998
-0.121243
-0.613583
-1.59488
-0.273307
-0.103475
-1.55889
-0.16307
-0.482775
-1.56722
-0.265384
-0.419746
-1.60131
-0.132648
-0.132097
-1.65452
-0.314948
-0.159227
-1.77629
-0.20565
-0.0318872
-1.59078
-0.323282
-0.23498
-1.56369
-0.276269
-0.00636572
-1.58816
-0.0920809
-0.203814
-1.52552
-0.109219
-0.270464
-1.59031
-0.168177
0.125857
-1.62438
-0.14241
-0.00967473
-1.65246
-0.122415
0.222342
-1.60695
-0.00615651
-0.779094
-1.63844
-0.329301
-1.2036
-0.776486
-0.280417
-1.31876
-1.16739
0.00365243
-0.868381
-1.20267
-0.211864
-0.082118
-2.05871
-0.143777
-0.114222
-1.71356
-0.303809
-0.870703
-1.29682
-0.697312
0.148743
-1.61081
-0.239175
-0.394816
-1.57769
-0.133899
0.0732417
-1.69826
-0.179013
-0.307383
-1.63298
-0.233095
-0.928654
-1.47434
-0.0516102
-0.107294
-1.58177
-0.354248
-0.0593595
-1.75926
-0.208387
-0.449498
-1.48266
-0.304176
-0.81775
-1.38523
-0.215306
-0.353407
-1.58691
-0.163847
0.305058
-1.92731
-0.397418
0.136801
-1.69836
-0.22186
-0.446402
-1.4899
-0.252505
0.30231
-1.60691
-0.0606778
0.0113414
-1.5122
-0.454926
0.154338
-1.63322
-0.209491
-0.202296
-1.51552
-0.0734394
0.0633822
-1.62505
-0.218466
-1.21031
-0.617292
-0.167433
-0.962239
-0.8511
-0.229412
-0.768111
-1.29576
-0.16371
0.12682
-1.81516
-0.156366
-0.592139
-1.57911
-0.141194
0.121264
-1.66621
-0.261084
-0.687753
-0.239903
-0.763549
-0.0383654
-1.69877
-0.387925
-0.147001
-1.61079
-0.249071
-0.501137
-1.59874
0.0625098
-0.785252
-1.6413
-0.0979306
-0.214445
-1.61614
-0.245115
-0.0379478
-1.81821
-0.158211
-0.413761
-1.53159
-0.335998
-0.695017
-1.52473
-0.0771521
-0.573719
-1.45629
-0.0384101
-0.648832
-1.46324
-0.400713
-0.686268
-1.48231
-0.396062
0.165955
-1.71725
-0.223938
-0.513631
-1.5143
-0.0943106
0.0334912
-1.7032
-0.202185
-0.61279
-1.49922
-0.0870653
-0.96389
-1.262
-0.471448
-0.450208
-1.47067
-0.259122
-0.431891
-1.50499
-0.136922
-0.00313571
-1.64765
-0.144704
-0.615377
-1.77935
-0.231569
-0.616429
-1.40866
-0.134041
0.415304
-1.53461
-0.0373568
-0.54921
-1.48174
-0.239966
-0.558576
-1.55311
0.186599
-0.0528782
-1.61557
-0.210687
0.0453357
-1.64397
-0.449334
-0.389161
-1.56748
-0.230661
0.535645
-1.55299
-0.08899
-0.254291
-1.5987
-0.238519
-0.1693
-1.55732
-0.00379074
-0.610341
-1.29398
-0.675323
-0.24494
-0.254085
-1.14409
-0.351474
-0.207932
-0.928383
-0.167194
-1.51212
-0.269836
-0.287807
-1.47289
-0.53977
-0.299865
-1.43816
-0.584602
0.411383
-1.56462
-0.0602644
-0.524537
-1.54228
-0.197302
-0.602196
-1.42662
-0.158336
0.0254101
-1.61553
-0.23153
0.0495586
-1.59897
-0.224948
0.202561
-1.68378
0.0274437
-0.253066
-1.58504
0.081698
-0.691322
-1.42445
-0.119709
-0.519481
-1.5519
-0.208727
-0.226093
-1.76096
-0.0628784
-0.50283
-1.50115
-0.170306
0.0677817
-1.57704
-0.15168
0.370796
-1.62158
-0.0745331
-0.531151
-1.47049
-0.178537
-0.47593
-1.46639
-0.14563
-0.422959
-1.52304
-0.233927
-0.564461
-1.19496
-1.02652
-1.09498
-0.232942
-0.75323
-0.965033
-0.271448
-0.579345
-1.16673
-0.365734
-0.11574
-1.11656
-0.569952
-0.419379
-1.17179
-0.284819
-0.594341
0.0549102
-1.66272
-0.296343

0.119172
-2.90443
-0.784592
-2.05804
-1.7902
-0.21399
0.160807
-2.80237
-0.460517
0.23055
-2.91872
0.092273
-1.86646
-1.0324
-0.498595
0.627353
-2.80754
-0.480485
0.443077
-2.88758
-0.0939876
-0.948838
-2.16668
-0.280836
0.416319
-2.86777
-0.285694
0.867839
-2.63598
-0.220379
-0.72775
-2.52936
-0.221753
-0.58032
-2.86532
-0.205108
-2.11909
-1.37307
-0.386546
0.0458508
-2.82237
-0.11374
0.681277
-2.73708
-0.274631
0.270193
-2.80747
-0.512056
0.521921
-2.88759
-0.100214
-0.824215
-2.72604
-0.172252
-0.819169
-2.88406
-0.449678
-1.05448
-2.58494
-0.0722431
1.19714
-2.52869
-0.0673309
0.441228
-2.92371
-0.0508118
-1.49942
-2.39884
0.111425
-0.376024
-3.01949
-0.327964
0.557194
-2.64705
-0.130294
-0.0837506
-2.88298
-0.527196
-0.00687518
-2.95856
-0.05565
0.223548
-2.94721
-0.417047
-0.509421
-2.73572
-0.340513
0.294249
-2.75845
-0.530027
0.246887
-2.8448
-0.272588
0.566672
-2.83851
-0.000996171
0.0171953
-2.77258
-0.274863
0.376189
-2.7879
-0.132504
0.575852
-2.78654
-0.173503
0.432742
-2.77724
0.0296947
0.912969
-2.74644
0.204278
0.897378
-2.10461
-0.19272
-1.4562
-2.31566
-0.295622
-0.0256607
-2.1598
-0.0998333
-0.767377
-2.59241
0.178117
0.031967
-3.38774
-0.136268
0.534779
-2.90625
-0.333489
-0.677942
-2.58941
-0.565121
0.683537
-2.82494
-0.264073
0.487594
-2.65372
0.0053606
0.668711
-2.91899
-0.115791
0.60192
-2.6908
-0.387378
-0.517821
-2.75992
-0.280178
0.314349
-2.8848
-0.554326
0.862128
-2.77839
-0.23055
0.0242952
-2.6304
-0.578813
-0.856507
-2.64327
-0.19478
-0.0881403
-2.7351
-0.147873
1.24033
-2.90274
-0.484904
0.850878
-2.71835
-0.371201
0.0678036
-2.70095
-0.666192
1.06562
-2.71302
0.16339
0.47367
-2.55396
-0.529705
0.58954
-2.78207
-0.238744
0.284636
-2.6201
-0.209805
0.793982
-2.79234
-0.2793
-0.607679
-1.86429
-0.0211245
-1.34365
-2.32908
-0.191467
-0.764593
-2.59873
-0.654887
1.12089
-2.75819
-0.0462708
0.485306
-2.60737
-0.121329
0.994371
-2.76543
-0.24939
-0.901829
-1.91648
-0.511042
0.6918
-2.70674
0.0313607
0.559104
-2.77747
-0.372681
0.365681
-2.56615
0.747604
-0.15592
-3.04192
-0.118782
0.416531
-2.80844
-0.371421
-0.88231
-2.63753
-0.284908
-0.254003
-2.67504
-0.770585
-0.253912
-2.86708
-0.0213653
-0.807776
-2.81256
0.0455504
-0.426103
-2.78136
-0.224631
-0.338196
-2.8928
-0.336416
0.635745
-2.93226
-0.271052
-0.0218886
-2.84254
-0.132084
1.26016
-2.43069
-0.161916
-0.579271
-2.86534
-0.0790606
-0.825565
-2.65689
-0.589093
-0.294488
-2.86216
-0.35975
-0.274624
-2.90071
-0.264681
0.978015
-2.59773
-0.0260716
0.512624
-2.71017
-0.338907
-1.09957
-2.75339
-0.132875
0.994084
-2.78344
0.126945
-0.628107
-2.8128
-0.513807
-0.363841
-2.80344
-0.0248281
0.549257
-2.50637
-0.278207
0.523828
-2.82227
-0.531248
0.047231
-2.76482
-0.288382
1.51823
-2.52089
0.068532
0.457753
-2.76235
-0.48072
0.0984735
-2.82636
0.0427901
-1.26496
-2.51405
-0.963769
-1.87126
-0.708302
-1.39167
-1.86123
-0.570112
-1.10336
0.0256021
-2.68608
-0.368279
0.0657186
-2.54686
-1.10196
-0.239161
-2.61974
-1.01768
1.15095
-2.68388
0.18231
-0.348922
-2.91356
-0.199305
-0.494831
-2.79023
-0.359205
0.546249
-2.82991
-0.274169
0.612525
-2.83154
-0.299977
0.684714
-2.77227
0.245792
-0.234244
-2.68995
0.173132
-0.816297
-2.7859
-0.200503
-0.481629
-2.88466
-0.396408
0.330879
-2.84375
0.0334751
-0.718365
-2.8133
-0.23358
0.744147
-2.69697
-0.177773
0.987607
-2.79892
0.119644
-0.480019
-2.75973
-0.298956
-0.728929
-2.81293
-0.0804237
-0.216706
-2.88607
-0.346826
-0.435401
-2.14168
-1.66618
-1.25202
-1.89919
-0.499307
-1.18044
-1.90414
-0.449118
-1.17612
-1.80924
-0.0290364
-0.956547
-2.04863
-0.250278
-0.9155
-1.9584
-0.464461
1.19282
-2.47351
-0.36622

0.0299496
1.53789
-0.018114
0.189761
1.09872
-0.0649633
0.0485136
1.49999
0.0852861
0.00682233
1.56469
-0.0764188
0.271605
1.15357
-0.0149191
0.044521
1.263
0.00275474
0.121011
1.51968
-0.0281623
0.755208
0.523004
-0.0613166
-0.156903
1.57202
-0.0563061
0.118152
0.733044
-0.0364854
0.130884
0.515239
-0.0335848
-0.10309
1.52021
-0.0165987
0.644434
1.13015
-0.0882608
-0.107688
1.5229
-0.0862466
-0.112007
1.12201
-0.0652988
0.0326538
1.23173
-0.0542437
0.0729707
1.4861
0.0221751
-0.0554571
1.50526
-0.0257803
0.00208984
1.3787
0.0011035
0.0159712
1.22975
-0.121171
-0.143132
1.54702
-0.0628939
-0.0356536
1.47339
-0.0850819
0.713208
1.05205
-0.0726084
0.128336
1.46184
-0.0773596
-0.327407
1.36085
-0.0613509
-0.089886
1.50923
0.022372
-0.111808
1.55257
-0.0817469
0.139516
1.3671
-0.0932144
-0.0513531
0.63304
-0.0246262
0.152777
1.16867
-0.0242031
-0.02065
1.53206
-0.122608
0.0463228
1.52005
0.000716113
0.025458
1.31671
0.0604451
0.00468762
1.52303
-0.0426549
-0.0257787
1.23891
-0.0630208
0.15026
1.12657
-0.0907682
0.00495135
1.48385
-0.0912059
-0.0384492
1.51792
-0.0377337
0.495903
1.40359
-0.0745756
0.141349
1.49767
-0.118477
0.360167
1.30674
-0.30077
0.448308
0.974395
0.00330651
0.0311994
1.38293
-0.103859
0.165951
1.1988
-0.0612549
0.0688201
1.41869
-0.0853717
0.0247086
1.51359
-0.0952385
0.00656276
1.48235
-0.0623543
-0.0538628
1.55877
-0.00880476
0.021686
1.37667
0.020615
0.0445845
1.54764
-0.074141
0.00604183
1.41057
-0.0519318
0.249539
1.13047
-0.0276774
0.509694
0.71087
-0.0139984
0.481467
0.868636
-0.0528733
0.322219
1.13985
-0.00802999
0.0658709
1.09146
-0.0574633
0.0148018
1.51086
0.0449198
0.0139986
1.50554
-0.080339
0.0914225
1.183
-0.204014
0.319225
1.19239
-0.0796806
0.0687794
1.19447
0.111536
-0.136289
1.53531
-0.0762797
0.44671
1.12137
-0.11417
0.851135
1.05378
-0.113018
0.114467
1.42297
0.24963
-0.0389796
1.35133
-0.0252636
-0.017516
1.55893
-0.0542005
0.0738888
1.50575
-0.141829
0.870334
0.577148
-0.00643489
-0.146941
1.28061
-0.286706
-0.214342
1.52911
-0.0912442
0.163517
1.40591
-0.258314
0.101954
1.4106
-0.0599079
-0.10784
1.53048
-0.0665268
-0.109885
0.69281
-0.0380347
0.144154
1.15634
-0.082096
-0.115296
1.53748
-0.0673715
-0.00279711
1.53501
-0.0307252
0.39122
1.13754
-0.0734214
0.459755
1.2709
-0.0717783
0.078914
1.2904
-0.0673504
0.0123155
1.53508
-0.0627082
-0.141749
1.5568
-0.0530759
-0.121813
1.51974
-0.0284269
0.195652
1.469
-0.034922
0.253963
1.48641
-0.0669793
0.10487
1.54598
0.0260774
-0.120917
1.55535
-0.0719371
0.120386
1.40548
0.0247874
0.0870482
1.46791
-0.00974391
-0.0552757
1.52081
-0.0675505
-0.0962565
1.51832
-0.00866147
-0.183435
1.26878
0.118691
-0.138647
0.817277
-0.0580289
0.164462
1.25317
-0.182454
-0.310882
1.35573
-0.0860301
-0.151264
1.5026
-0.105777
-0.0685907
1.54761
0.0173996
0.142708
1.34059
0.063147
0.684806
1.09001
-0.204816
0.882099
0.284411
-0.0128137
0.698406
0.221461
0.0407768
0.203261
1.13545
0.0503618
0.0895881
1.15126
0.202724
0.279568
1.1215
0.0161787
-0.0200176
1.5134
-0.0878383
-0.170638
1.53231
-0.066456
0.0325961
1.54298
-0.0396031
-0.0349878
1.43113
-0.0781987
-0.192543
1.5461
-0.0510154
0.0726745
1.07081
-0.0679128
-0.0783435
1.005
-0.0429334
0.0152119
1.48182
-0.0196237
-0.0700848
1.41981
-0.0100971
0.232948
0.873733
-0.0347551
0.104138
1.36947
-0.0340894
0.00983174
1.41544
0.0499419
0.0987428
1.38023
-0.096381
0.091399
1.37365
0.0103527
0.0569017
1.49446
-0.0545335
-0.0293888
1.51418
-0.0113903
0.297599
1.05988
-0.0569766
0.682304
1.19899
-0.110621
0.823363
0.98076
-0.148039
0.452171
1.03995
-0.00213465
0.539504
0.95407
-0.0565957
0.630591
1.27934
-0.0661859
-0.091805
1.53148
-0.0115115

-0.194306
2.35034
-0.0347274
0.441713
1.95196
-0.0727972
-0.114537
2.31253
0.0638435
-0.107807
2.43066
-0.138478
-0.0368921
1.97747
-0.0498182
-0.172505
2.01388
-0.00946889
-0.0732107
2.33261
-0.0669158
1.03315
1.37648
-0.0907013
-0.301208
2.40865
-0.0837547
-0.0766329
1.35059
-0.0556924
0.228273
1.12234
-0.0371298
-0.274263
2.34222
-0.0479105
0.927728
2.09903
-0.132114
-0.127037
2.37218
-0.104043
0.0888173
1.82905
0.00126793
-0.142421
1.98184
-0.034642
-0.109751
2.28543
-0.0261066
-0.210291
2.34015
-0.0449076
-0.105906
2.23256
-0.0271386
0.109073
2.02818
-0.12594
-0.260113
2.3971
-0.0488245
-0.0794747
2.3253
-0.0949829
0.61452
1.91215
0.0246687
0.14115
2.32967
-0.0618212
-0.667834
2.06109
-0.135
-0.216694
2.34504
0.0169186
-0.219663
2.41505
-0.162067
0.183426
2.19977
-0.11053
-0.108827
1.27179
-0.0630029
-0.0399758
1.88965
0.0159583
-0.085733
2.37602
-0.152445
-0.0536961
2.3573
-0.0509462
-0.141057
2.06963
-0.00685808
-0.132263
2.35467
-0.0569448
-0.0565721
2.01476
-0.0221563
-0.0566429
1.83918
-0.144215
-0.120972
2.30717
-0.150937
-0.111371
2.41785
-0.0452933
0.711374
2.32585
-0.0767078
0.25055
2.42029
-0.172596
0.522355
2.16788
-0.388186
0.4808
1.81381
0.0145422
-0.178659
2.18869
-0.145281
0.0624992
2.00404
-0.151553
-0.00725529
2.22667
-0.121146
-0.0956656
2.35315
-0.130642
-0.117355
2.30813
-0.079609
-0.127985
2.42059
-0.011632
-0.0765425
2.2364
0.00691018
-0.133084
2.37439
-0.102306
-0.10227
2.25744
-0.0524672
0.10038
1.87703
-0.0582348
0.353279
1.43613
-0.0669189
0.563882
1.60498
-0.0820993
0.229716
1.96258
-0.028741
-0.104663
1.81548
-0.131655
-0.172658
2.32002
0.016519
-0.110606
2.33896
-0.11197
0.039494
1.90852
-0.190178
0.218871
1.93536
-0.0756424
-0.0447425
1.9319
0.0589477
-0.294573
2.3666
-0.0796611
0.479489
1.9828
-0.187024
0.96969
2.01538
-0.131575
-0.158388
2.19492
0.0112202
-0.117757
2.1938
-0.101416
-0.176765
2.41502
-0.0681193
-0.0653499
2.34919
-0.1651
1.2706
1.57956
0.00510838
-0.270893
2.06362
-0.168281
-0.366317
2.35725
-0.101118
0.0972381
2.25836
-0.224559
0.0566544
2.32263
-0.117216
-0.222669
2.36912
-0.091044
-0.00692405
1.32722
-0.036578
-0.0504555
1.88448
-0.0633431
-0.208856
2.40492
-0.131565
-0.166346
2.36281
-0.0554532
0.152269
1.93563
-0.0948958
0.419048
2.16151
-0.140413
0.0262506
2.09877
-0.120783
-0.0994582
2.38056
-0.0852764
-0.214233
2.42009
-0.0317944
-0.228295
2.35665
-0.0690465
0.106258
2.35957
-0.0486308
0.291123
2.33065
-0.0847817
0.0198411
2.39122
0.00405698
-0.242209
2.39729
-0.0640064
0.075076
2.31267
0.00205898
-0.047183
2.28093
-0.0585115
-0.149315
2.35518
-0.126379
-0.209117
2.34099
-0.0244423
-0.331508
2.03044
-0.0165767
-0.496447
1.3649
-0.065809
-0.0267316
2.00591
-0.263895
-0.452032
2.11917
-0.100149
-0.243958
2.34467
-0.111103
-0.246396
2.37089
0.0344036
-0.053023
2.09586
0.0287101
0.542631
1.94016
-0.283585
1.2884
1.21653
-0.0101338
1.01922
1.12274
0.0797182
0.278719
1.87267
-0.0234104
0.000645313
1.87856
0.0621892
0.402064
1.88155
-0.11721
-0.153332
2.33991
-0.119927
-0.336625
2.35037
-0.127743
-0.0891267
2.37439
-0.0128121
-0.20242
2.23237
-0.116238
-0.316772
2.3758
-0.0797083
0.0376565
1.8118
-0.150729
-0.349776
1.64482
-0.0757362
-0.141174
2.30256
-0.0385573
-0.383277
2.17994
0.00100347
0.242327
1.61398
-0.084592
-0.0261571
2.15291
-0.0837798
-0.177402
2.1962
0.0439977
-0.141477
2.15934
-0.106355
-0.199542
2.13378
-0.00589447
-0.0597818
2.31714
-0.0886758
-0.207834
2.33179
-0.0389195
0.27526
1.8093
-0.235362
0.701377
2.2401
-0.174174
0.624233
1.97352
-0.29215
0.114341
1.87408
-0.182018
0.456691
1.87042
-0.151529
0.513418
2.30038
-0.111288
-0.186898
2.37653
-0.00621518

0.0644289
1.76581
0.551789
0.210037
1.31213
0.55141
0.0491671
1.73355
0.640529
0.0322087
1.78896
0.50926
0.17961
1.33012
0.58876
-0.144039
1.45399
0.512469
0.167541
1.74392
0.531629
0.749848
0.73062
0.554781
-0.18923
1.77645
0.519979
0.141298
0.898358
0.408267
0.055388
0.648371
0.389388
-0.170041
1.73613
0.547829
0.78808
1.32909
0.586068
-0.096294
1.72659
0.482058
-0.0887313
1.27899
0.444878
0.143589
1.44917
0.454455
0.0830425
1.71032
0.571341
-0.106787
1.71238
0.54886
-0.0709801
1.5932
0.580923
0.0354834
1.4154
0.423668
-0.114362
1.75014
0.521024
-0.00472831
1.67185
0.489831
0.56853
1.1714
0.521339
0.168219
1.66539
0.519483
-0.414421
1.535
0.460561
-0.113518
1.73557
0.590614
-0.115257
1.79
0.495474
0.173471
1.5738
0.459067
-0.13364
0.789716
0.407074
0.0686989
1.36293
0.471884
-0.0165434
1.74152
0.444552
0.0835675
1.74402
0.562285
-0.0774491
1.51484
0.568911
0.0836073
1.75972
0.516096
0.00105554
1.40616
0.463337
0.343962
1.30069
0.382953
0.0591487
1.6901
0.470736
-0.0228181
1.72669
0.575492
0.509395
1.63368
0.576923
0.213734
1.71528
0.500535
0.560667
1.51798
0.25775
0.441524
1.15397
0.577979
0.127603
1.58899
0.45226
0.145521
1.37937
0.499255
0.101113
1.61998
0.464343
0.0240763
1.71538
0.482125
0.0630926
1.6935
0.503751
-0.0654525
1.77539
0.571892
-0.0677597
1.5818
0.603168
0.0662192
1.77496
0.49219
0.0128145
1.61674
0.525101
0.0147751
1.30505
0.454755
0.518107
0.913273
0.517569
0.514436
1.04321
0.445295
0.467429
1.34255
0.534025
0.0750313
1.28419
0.44193
-0.0392735
1.74627
0.599931
0.103609
1.72332
0.479083
0.213612
1.36847
0.278578
0.334347
1.38047
0.433433
-0.0392809
1.38528
0.60545
-0.146861
1.74258
0.496758
0.517129
1.33324
0.465858
0.914423
1.28761
0.558689
-0.00927113
1.7265
0.766513
0.049024
1.57374
0.537549
-0.0437114
1.75957
0.540757
0.103736
1.72312
0.431937
0.959721
0.823068
0.711509
0.230926
1.48477
0.106175
-0.203125
1.7394
0.478424
0.211607
1.56648
0.343763
0.148683
1.67117
0.543498
-0.152377
1.73525
0.502629
-0.161289
0.842741
0.416835
0.003453
1.33442
0.420492
-0.13599
1.77334
0.511099
-0.0487741
1.7392
0.541653
0.40136
1.31297
0.497703
0.464014
1.48989
0.531336
0.100865
1.47961
0.48042
-0.012371
1.73736
0.516337
-0.0923829
1.7484
0.539071
-0.171403
1.7289
0.539834
0.17222
1.67429
0.57124
0.248416
1.6988
0.504367
0.0795033
1.7601
0.602021
-0.108214
1.75137
0.51004
0.156442
1.6176
0.64219
0.0584497
1.67372
0.549539
-0.0209592
1.73766
0.494198
-0.113221
1.73614
0.548594
-0.544485
1.44765
0.533355
-0.127
0.974895
0.384368
0.333114
1.4661
0.317055
-0.263449
1.55832
0.439762
-0.0831483
1.70715
0.462363
-0.0872395
1.76815
0.587423
0.0917961
1.51543
0.605096
0.798581
1.32811
0.357355
0.6865
0.349521
0.687826
0.672443
0.478511
0.679888
0.234983
1.33416
0.539979
-0.0342872
1.40266
0.677278
0.343202
1.37526
0.498708
0.0737357
1.73841
0.46602
-0.184182
1.74606
0.502912
0.0568049
1.74872
0.532117
0.0403315
1.62654
0.471886
-0.181016
1.7398
0.520785
0.0907837
1.22536
0.442162
-0.243812
1.10684
0.431057
-0.0644199
1.69232
0.541
-0.1083
1.64922
0.535587
0.246587
1.04493
0.46166
0.142562
1.58337
0.506108
0.0229058
1.63274
0.590072
0.147731
1.6007
0.447722
0.0706652
1.59554
0.552861
0.0203358
1.70059
0.506005
0.00434013
1.75164
0.548831
0.303935
1.28855
0.471319
0.701631
1.44583
0.597159
0.778313
1.25002
0.537486
0.288074
1.25254
0.590824
0.483119
1.15295
0.571153
0.631041
1.52219
0.631873
-0.0238671
1.75251
0.556935

0.237121
0.730792
0.750204
0.985581
0.461609
0.736565
0.21971
0.715435
0.85537
0.29562
0.730964
0.614963
-0.0311018
0.391586
1.07582
-0.823267
0.664615
0.676285
0.384315
0.722914
0.667744
-0.389968
1.0123
1.03468
0.0158265
0.735997
0.638961
-0.558919
1.25666
0.8483
0.175879
1.40345
0.826592
-0.0968482
0.69467
0.72272
0.612925
0.147672
1.16344
0.380886
0.796599
0.675303
0.0715634
0.388738
0.651167
-0.0150517
0.973605
1.03938
0.278844
0.71164
0.746127
0.159201
0.690017
0.732629
0.319442
0.592118
0.844131
0.764742
0.839228
0.853909
0.156366
0.713126
0.649503
0.411055
0.687734
0.710853
-0.18419
0.427355
0.185957
0.466205
0.652145
0.795214
0.040731
0.638438
0.832632
0.0916202
0.724042
0.835825
0.17812
0.764834
0.715548
-0.102093
0.816615
1.10412
0.193969
1.46497
0.759599
-0.891648
1.34131
0.773905
0.190282
0.719393
0.612099
0.342492
0.734285
0.704138
-0.0620548
0.626921
0.983388
0.470673
0.787137
0.734365
0.172625
0.466755
0.60551
1.02187
0.636764
0.477953
0.431239
0.708497
0.581148
0.230225
0.662439
0.860395
0.528453
0.446486
0.847577
0.742339
0.703377
0.74451
0.918258
0.471699
0.645669
-0.420071
0.608409
0.870338
0.60232
0.626082
0.666722
0.334926
0.425893
0.771502
-0.0786732
0.584402
0.762628
-0.000118715
0.693718
0.791924
0.435937
0.724791
0.616692
0.03803
0.719688
0.767211
0.160318
0.541032
0.88576
0.114107
0.736745
0.717866
0.488725
0.690112
0.835725
-0.114639
0.656999
1.16721
-0.394425
1.07035
0.897415
-0.395543
0.99839
0.712317
0.478591
0.364054
0.838307
-0.144693
0.684018
1.05742
-0.0259993
0.715204
0.870608
0.372271
0.70869
0.58903
0.287883
0.803358
1.08832
-0.513283
0.878987
0.672965
-0.669991
0.6744
0.902232
0.0117915
0.708486
0.661672
0.0133068
0.494093
0.940761
0.0834836
0.351514
0.923138
0.00753107
0.702142
1.03453
0.875837
0.870201
0.714927
-0.0335654
0.690648
0.756352
0.317247
0.683483
0.623766
-0.138936
0.495458
0.937813
0.93158
0.802612
0.338852
0.175266
0.763914
0.591191
0.171396
0.628321
0.842652
0.824139
0.780087
0.81466
-0.0864442
0.689756
0.703419
0.382031
1.27083
0.665158
-0.679728
1.01946
1.02637
0.199481
0.761389
0.730592
-0.0397585
0.694413
0.686149
0.408402
0.254793
0.681119
-0.0705894
0.481717
0.695331
-0.327127
0.521697
0.56674
-0.0809535
0.695971
0.751631
0.120076
0.689794
0.65346
-0.0822703
0.683385
0.677009
0.544694
0.652927
0.810063
0.190422
0.659437
0.796556
-0.0864459
0.680408
0.668212
0.0505717
0.70198
0.661801
0.54857
0.580923
0.870619
0.0219171
0.638455
0.780636
0.290821
0.747695
0.626102
0.0628004
0.724126
0.745448
-0.8857
0.597146
0.211881
-0.0398611
0.8884
1.25981
0.58585
0.54754
0.611637
0.433044
0.886642
0.745863
0.22092
0.704766
0.600987
0.0264313
0.732345
0.806553
-0.0757099
0.499699
0.619611
0.226849
0.707154
1.04513
-0.423024
0.457706
1.32867
-0.256872
0.706299
1.37304
0.455708
0.485348
0.889576
0.272626
0.61656
1.11493
0.415586
0.569532
1.0294
0.326085
0.727867
0.611963
0.0667954
0.727356
0.648411
0.160453
0.715537
0.744448
0.440917
0.685037
0.586493
0.0682904
0.725744
0.644365
0.0300025
0.244704
0.524389
0.178034
0.317715
0.667416
-0.204323
0.674322
0.750175
0.285621
0.738561
0.805732
-0.693871
0.72594
0.451915
0.437849
0.599166
0.744616
0.282045
0.671
0.799739
0.426539
0.640293
0.695205
0.308042
0.663382
0.888587
-0.136555
0.690786
0.786487
0.256319
0.75481
0.799862
-0.3649
1.00874
1.18794
0.794949
0.160191
0.93603
-0.0755065
0.652129
1.21563
0.342595
0.200734
1.00885
0.580393
0.0372495
0.888442
0.723202
0.252628
0.888029
0.21569
0.73739
0.764808

-0.0517241
-0.0997405
1.16601
1.2866
-0.473277
1.18193
-0.19941
-0.164993
0.993147
0.00235281
-0.249233
0.735775
-0.985883
0.606647
0.671112
-1.49606
1.02532
0.064213
0.0270816
-0.201615
0.774626
-1.19424
1.6942
0.847394
-0.276992
-0.213258
0.704334
-1.05318
1.73855
0.556161
0.00300545
2.20573
0.781725
-0.519578
-0.207958
0.774039
-0.232797
-0.578899
1.4423
0.295361
-0.23987
0.852722
-0.11253
-0.476221
0.93811
-0.720932
1.85435
1.02971
-0.141162
-0.13638
0.914962
-0.119519
-0.280502
0.887283
-0.609989
0.646832
0.301966
0.989026
0.165126
1.51265
-0.00867938
-0.266861
0.833231
-0.612343
0.305859
0.653061
-1.04961
0.516788
-0.397828
-0.0478487
-0.065595
1.29387
0.101786
-0.0253319
1.48196
-0.234751
-0.192926
1.0085
-0.0289827
-0.209468
0.888231
-0.645982
0.458845
0.291181
0.524202
2.10728
0.379389
-1.72425
1.4487
0.667855
-0.117834
-0.222183
0.848317
0.0455676
-0.199416
0.841366
-0.531075
-0.180299
0.897385
0.303081
-0.104034
1.08592
-0.0176176
-0.463481
0.822851
0.240202
0.284523
0.471753
0.362784
-0.26898
0.796172
-0.487933
0.029931
0.933406
-0.229087
-0.394921
0.950731
0.0597264
-0.146148
1.15289
0.29547
0.346056
1.24789
-0.871474
1.42952
0.512103
-0.418358
0.591235
0.433165
-0.541366
0.337828
0.466115
-1.03861
0.344423
0.85598
-0.663788
-0.024269
1.03554
0.365869
-0.138251
1.00691
-0.441693
-0.176406
0.869671
-0.691812
0.712506
0.232728
-0.351818
-0.201831
0.666297
-0.60688
0.61529
0.596024
-0.851517
0.0575511
0.944881
-0.0830564
1.97002
0.388225
-1.01074
1.58518
0.584621
-0.494402
0.318252
0.630893
-0.957496
1.04679
0.937597
-0.67442
-0.0282941
0.876018
0.220259
-0.24574
0.801835
0.0176315
0.755561
2.22309
-1.4228
0.658295
0.453257
-1.51586
0.396253
0.459864
-0.442805
-0.172097
0.653475
-0.799297
1.14164
0.766273
-0.968055
0.819256
0.773092
-0.530903
-0.101659
0.93999
-0.0966935
0.449246
0.656489
-0.508043
-0.217635
0.894781
-0.188503
-0.164152
0.817466
-1.17292
1.21533
0.73442
1.59088
0.616432
0.895654
0.130379
-0.173635
0.909196
-0.783591
0.544585
1.00777
-0.218538
0.350614
0.66285
-0.671434
-0.102323
0.71421
0.723346
1.82783
0.507514
-1.51658
1.17284
1.39271
0.106717
-0.232693
0.912847
-0.571059
-0.221908
0.656407
-0.17949
-0.47822
0.698331
-0.856017
1.00406
0.239478
-1.00031
1.04282
0.140141
-0.6692
-0.0933562
0.904007
-0.0797312
-0.293623
0.845093
-0.41347
-0.230834
0.737904
0.286232
-0.374505
0.794944
-0.610879
-0.0121635
0.862549
-0.77874
0.00089928
0.291112
-0.257888
-0.253208
0.834447
-0.483922
0.55341
0.473063
-0.718549
0.234781
0.731165
0.144513
-0.201893
0.758397
-0.0936108
-0.218578
0.968049
-0.559906
0.380771
-0.525208
-0.216596
1.48205
1.83148
-0.157798
-0.0857874
0.714874
0.900683
0.318391
1.29454
0.145952
-0.246072
0.836011
-0.532638
-0.0918627
0.830391
-0.741736
0.155425
0.118364
-0.791085
0.777774
1.18666
-1.40143
1.05485
1.12587
-0.9563
1.52002
1.51505
-0.205695
0.0257509
1.16029
-0.271534
-0.138228
1.18378
-0.251759
0.0208355
1.3148
0.0916276
-0.187352
0.854307
0.0130863
-0.24608
0.870828
-0.262578
-0.185442
0.910663
0.212893
-0.214095
0.757368
-0.0997771
-0.224473
0.842018
-0.926814
0.240893
0.427697
0.183916
-0.601177
0.844157
-1.00581
0.0932244
0.567223
0.0369582
-0.173186
0.973557
-0.591834
1.55439
0.0257633
-0.128792
-0.00041494
1.10108
0.00641857
-0.235307
1.06562
0.109566
-0.181458
1.01141
0.0429643
-0.251111
1.18205
-0.885231
0.0680089
0.898218
-0.0119437
-0.162694
1.02702
-1.05156
1.41192
0.517203
-0.346551
-0.229392
0.924849
-0.954258
1.04227
0.622429
-0.659418
-0.0519667
0.925865
-0.405052
-0.327299
0.773243
-0.360726
-0.0459004
0.709239
-0.201923
-0.145018
0.982649

0.0260718
1.65192
-0.620132
0.204087
1.24487
-0.694819
0.0799841
1.60027
-0.506024
0.0177585
1.68891
-0.689496
0.341848
1.33207
-0.618402
0.269179
1.39075
-0.510553
0.104045
1.63146
-0.620271
0.821456
0.675354
-0.69057
-0.0845122
1.70901
-0.647078
0.14584
0.829445
-0.498705
0.10503
0.61072
-0.470777
-0.00624529
1.643
-0.601948
0.613641
1.35147
-0.795984
-0.0855532
1.65538
-0.67287
-0.0798728
1.25934
-0.581355
-0.0485755
1.32228
-0.603526
0.0894319
1.59214
-0.559138
0.0241153
1.63992
-0.616317
0.105966
1.51129
-0.595021
0.0221888
1.36586
-0.679245
-0.134052
1.68831
-0.663342
-0.0368084
1.61406
-0.675867
0.849403
1.27912
-0.632121
0.1375
1.60815
-0.688461
-0.200726
1.49751
-0.585814
-0.0327401
1.623
-0.574365
-0.0724962
1.66142
-0.692854
0.131743
1.48957
-0.66932
-0.0481703
0.717826
-0.479817
0.26476
1.27597
-0.538717
0.00382822
1.65944
-0.710979
0.0429919
1.63246
-0.592414
0.145985
1.42973
-0.467916
-0.0426712
1.62562
-0.641922
-0.0210577
1.37899
-0.595031
-0.0233055
1.25334
-0.584967
-0.0177909
1.61261
-0.675953
-0.0130612
1.66983
-0.664538
0.521678
1.55679
-0.745424
0.132106
1.64362
-0.758797
0.208538
1.43979
-0.894627
0.511042
1.12798
-0.573446
-0.0399385
1.51085
-0.684631
0.218801
1.34683
-0.627498
0.0693711
1.54314
-0.656422
0.0622031
1.65229
-0.687683
-0.0172294
1.60916
-0.653191
-0.00765802
1.68663
-0.611383
0.151353
1.51931
-0.571529
0.0434964
1.66039
-0.67208
0.0267398
1.54632
-0.646982
0.48915
1.26554
-0.518572
0.567524
0.826013
-0.566383
0.493348
0.985936
-0.566626
0.200832
1.26922
-0.576387
0.0908634
1.19845
-0.58073
0.095472
1.61238
-0.544436
-0.0461348
1.6256
-0.670017
-0.0161332
1.28543
-0.713468
0.327233
1.3092
-0.611878
0.204409
1.30166
-0.398057
-0.0879336
1.66672
-0.667038
0.430103
1.25371
-0.718621
0.8311
1.21444
-0.804206
0.267498
1.45246
-0.33951
-0.0822848
1.46743
-0.621725
0.041644
1.70902
-0.659333
0.0741142
1.63002
-0.741038
0.846046
0.753637
-0.740948
-0.511072
1.39762
-0.722711
-0.192901
1.6564
-0.682446
0.14539
1.59393
-0.851334
0.0975018
1.51385
-0.708379
-0.0318782
1.66387
-0.651173
-0.194586
0.786521
-0.506812
0.305588
1.28585
-0.591144
-0.0604826
1.64865
-0.677933
0.0775248
1.67056
-0.617707
0.348942
1.29759
-0.647416
0.461091
1.4104
-0.696511
0.0864133
1.42434
-0.630107
0.0679607
1.67467
-0.655695
-0.14726
1.71209
-0.65572
-0.0401036
1.64926
-0.614293
0.210867
1.62264
-0.654371
0.292799
1.6123
-0.659861
0.165695
1.67424
-0.570455
-0.0997496
1.70187
-0.66589
0.118524
1.55713
-0.609164
0.139922
1.59441
-0.587388
-0.0567845
1.63859
-0.657099
-0.0419745
1.63295
-0.591624
0.18943
1.40915
-0.29526
-0.109272
0.920274
-0.514005
0.0248754
1.35293
-0.722229
-0.326985
1.46782
-0.638104
-0.185299
1.63644
-0.695503
-0.0135404
1.66723
-0.577895
0.216724
1.48455
-0.483624
0.566374
1.19748
-0.80311
0.98862
0.618907
-0.65562
0.668836
0.345554
-0.633568
0.203528
1.22961
-0.46696
0.254532
1.20071
-0.321317
0.256542
1.16659
-0.528629
-0.0811235
1.62405
-0.677167
-0.119587
1.65668
-0.657652
0.0416946
1.67552
-0.630776
-0.0844357
1.56347
-0.647707
-0.16829
1.68814
-0.636185
0.0659084
1.21648
-0.578615
0.0815256
1.17977
-0.487427
0.12803
1.60767
-0.5977
-0.0208168
1.52341
-0.59032
0.277938
0.994876
-0.541906
0.0918139
1.48055
-0.60458
0.022516
1.52081
-0.521203
0.0630249
1.48804
-0.672607
0.126278
1.47844
-0.562008
0.120622
1.62152
-0.633537
-0.0346965
1.61409
-0.610571
0.313085
1.15076
-0.622634
0.651405
1.37131
-0.837008
0.86105
1.12308
-0.867676
0.609784
1.19064
-0.611777
0.600829
1.12696
-0.689283
0.626241
1.45009
-0.78266
-0.124909
1.65121
-0.610223

0.33558
0.568838
-0.53026
1.03235
0.41011
-0.738217
0.163307
0.563521
-0.903397
0.131253
0.569094
-0.767813
1.06608
0.431567
-0.869457
0.952123
0.587608
-0.390232
-0.0742435
0.566915
-0.805932
-0.159361
0.885533
-1.20227
0.283542
0.675879
-0.504441
-0.551269
1.14866
-0.956934
0.238877
1.37232
-0.913413
0.410991
0.630699
-0.593642
0.715203
-0.058522
-0.993776
0.391177
0.682205
-0.760322
-0.738347
1.50261
-1.25665
0.181199
0.275947
-0.743771
0.227085
0.581635
-0.876344
0.487126
0.655346
-0.684941
0.792617
0.622365
-0.678853
0.781893
0.672539
-0.868722
0.220781
0.630585
-0.699374
0.411928
0.60141
-0.79079
0.165734
0.523053
-1.04636
0.471011
0.545762
-0.90453
0.329484
0.5584
-0.812858
0.334789
0.605269
-0.805273
0.21927
0.574982
-0.719939
-0.13522
0.558666
-1.08898
0.201022
1.30728
-0.876218
0.647506
0.406987
-0.446414
0.206084
0.589074
-0.767805
0.0527765
0.568331
-0.84353
0.238004
0.837148
-1.24172
-0.031106
0.532124
-0.797619
-0.677313
1.05814
-1.29877
-0.960501
1.07572
-0.844799
0.0729284
0.558818
-0.908884
0.409942
0.573654
-0.779524
0.680458
0.291875
-0.861302
0.397999
0.467598
-0.757497
-0.277854
0.400271
-0.70064
-0.2408
0.567925
-1.11779
-0.0321665
0.389608
-0.835976
-0.165419
0.451902
-0.990189
-0.107385
0.403452
-0.762422
0.273581
0.582502
-0.840797
0.373058
0.574672
-0.711592
0.29992
0.618759
-0.64274
0.958447
0.712946
-0.558591
0.00546809
0.53823
-0.528304
0.522407
0.544239
-0.774376
0.569589
1.06516
-1.59093
-0.273005
0.879239
-1.02292
-0.478403
0.905479
-0.815955
-0.58803
0.6887
-0.828999
-0.578284
0.690838
-1.12592
0.609578
0.608661
-0.603227
-0.123929
0.55092
-0.783755
-0.467203
0.444881
-1.04663
-0.556026
0.767971
-0.697491
0.353184
0.58963
-1.13222
0.122273
0.587724
-0.689183
-0.254225
0.37938
-0.97656
-0.103907
0.201888
-0.87763
0.637254
0.432249
-0.635642
0.237068
0.446019
-0.857396
0.446103
0.66037
-0.658036
0.159191
0.48327
-0.735868
-0.670844
0.710624
-0.855817
-0.836135
0.512818
-0.255746
0.214932
0.652892
-0.669555
0.522128
0.516526
-1.0548
0.335784
0.373135
-1.00978
0.383013
0.660839
-0.651003
0.560847
1.3049
-0.790664
0.983695
0.559143
-0.567962
0.251118
0.5706
-0.760477
0.510027
0.660302
-0.597267
-0.454074
1.3578
-1.25125
0.0470431
0.31126
-0.529632
-0.19288
0.402939
-0.463873
0.483715
0.659274
-0.658913
0.176138
0.633597
-0.687366
0.33337
0.62173
-0.648586
0.688053
0.583581
-0.77235
0.361819
0.486747
-0.792482
0.324733
0.566179
-0.592123
0.266219
0.658272
-0.704827
0.54156
0.48025
-0.87192
0.48635
0.589691
-0.689502
0.117489
0.567468
-0.724466
0.303273
0.61094
-0.647211
0.938731
0.707949
-0.469288
0.11164
0.851827
-1.39321
-0.921617
0.868586
-0.221566
0.485582
0.741165
-0.719412
0.021196
0.568625
-0.753542
0.379699
0.643497
-0.581244
0.292036
0.558714
-1.16251
0.0251025
0.365964
-0.272618
-0.175527
0.354767
-1.19204
0.158826
0.123317
-1.7402
-0.394393
0.830751
-1.29383
0.369903
0.717645
-1.2388
-0.590643
0.899795
-0.982493
-0.141989
0.548073
-0.786387
0.227456
0.619448
-0.662434
0.297678
0.617888
-0.699124
-0.422382
0.493079
-0.777619
0.0903882
0.622035
-0.682879
-0.627899
1.4569
-1.3169
0.366134
1.681
-1.39286
0.642017
0.656117
-0.521976
0.35926
0.563701
-0.632393
-0.677163
1.14345
-0.750234
-0.27363
0.507571
-0.824349
0.0622957
0.538746
-0.923676
-0.200424
0.462651
-0.8596
0.11751
0.430478
-0.710082
0.467388
0.59827
-0.671967
0.0162618
0.536356
-0.868366
0.839119
0.21755
-0.645146
0.166971
0.137278
-0.960015
0.155461
-0.0173775
-0.973839
1.01101
0.538057
-1.57728
0.00986755
1.2307
-1.72957
0.183927
0.204625
-0.984824
0.0261489
0.569995
-0.734656

-0.214319
-0.307665
-0.676548
1.50085
-0.540151
-1.15491
-0.208646
-0.277855
-1.52014
-0.383644
-0.340308
-0.965379
0.632235
-0.370235
-1.35831
-0.022897
0.599172
-0.713605
-0.886445
-0.141221
-0.912587
-0.931016
1.62309
-0.876003
0.220649
-0.392225
-0.666761
-0.999594
1.70631
-0.667172
-0.0868976
2.17129
-0.876029
0.272882
-0.340615
-0.881338
-0.126191
-1.033
-1.26652
0.128557
-0.321874
-0.943112
-0.681685
1.9627
-0.454218
-0.575408
-0.18258
-0.604623
-0.340779
-0.172529
-1.33304
0.35801
-0.322377
-1.07785
-0.178751
0.174892
-0.761058
0.988716
-0.165322
-1.37618
0.0199802
-0.409855
-0.912053
-0.577536
0.0245067
-0.626905
-0.723009
1.10027
-1.05075
-0.193697
-0.298988
-1.21174
0.956402
0.344795
-1.77757
0.120746
-0.311997
-1.25646
-0.0681113
-0.425633
-0.965159
-0.616341
0.471206
-0.102953
0.604478
1.87081
-0.50026
-0.0897712
-0.0571905
-0.640053
-0.420197
-0.249263
-0.867795
-0.551417
-0.229256
-1.13076
-0.790921
0.685576
-1.61923
-0.720555
-0.306098
-0.933062
-1.11601
1.52222
-0.660334
-1.86441
1.30233
-0.771373
-0.824795
-0.0269385
-0.961654
-0.226941
-0.305188
-0.924148
-0.0602482
-0.712331
-0.967603
-0.519665
-0.309307
-0.718333
-0.922501
0.73101
0.0233827
-0.757583
1.43426
-0.881977
-0.977582
0.667635
-0.382674
-0.751787
1.18641
-1.18593
-1.15829
0.305126
-0.646308
-0.352447
-0.292767
-1.06187
-0.0997885
-0.285711
-0.947721
0.166805
-0.417962
-0.866318
-0.0663217
0.33553
-0.649062
-0.860037
-0.0899909
-0.244178
-0.46472
0.121365
-0.720414
-0.615885
1.0528
-1.32425
0.255798
1.78853
-0.745357
-1.06781
1.55929
-0.769243
-1.35561
1.3451
-0.698937
-1.11058
1.26886
-0.616508
0.552282
-0.399001
-1.10711
-0.999478
-0.0565281
-0.653099
-1.46443
0.208349
-1.07242
-1.48617
0.703245
-0.418915
0.158416
0.692797
-2.15018
-0.554491
-0.214387
-0.761057
-1.1153
0.964615
-0.649495
-1.16679
0.720928
-0.73423
0.481781
0.0231866
-1.66577
-0.751155
0.556886
-0.442492
0.216697
-0.365834
-0.862256
-0.738451
-0.0873151
-0.504523
-1.80361
1.35465
-0.838824
-0.511523
0.592826
0.662508
0.0206581
-0.365446
-0.945516
-0.137103
-0.343626
-1.15287
-0.744184
0.321833
-0.695299
0.291438
-0.373382
-0.931224
0.77133
1.94319
-0.477842
0.0316048
0.350643
-0.550756
-0.0419746
-0.416178
-1.05349
0.325406
-0.319177
-0.847183
-0.556059
1.8767
-0.323671
-0.847444
0.909455
-0.280993
-0.994246
0.970229
-0.221244
0.238331
-0.322014
-0.800626
-0.228324
-0.33302
-0.768241
0.134424
-0.353752
-0.938868
0.330199
-0.463171
-0.7418
-0.503406
-0.165225
-0.938957
-0.28985
-0.320452
-0.86856
0.216966
-0.418606
-0.919989
-0.585693
0.457473
-0.606874
0.063838
-0.316012
-1.00889
-0.376435
-0.33435
-0.852003
0.062509
-0.338048
-0.957656
1.77338
0.807039
-0.990311
0.194411
1.5125
-1.90729
-1.45944
1.44283
0.511392
0.879876
-0.106997
-1.13161
-0.60056
-0.242074
-0.762242
0.146993
-0.35427
-0.792725
-0.503016
0.800686
-1.76377
-0.7797
0.849212
0.215471
-0.867822
1.27317
-0.808459
-0.408771
0.985645
-1.82061
-1.04216
1.53354
-1.70104
0.281205
1.37982
-1.77397
-1.00842
1.64018
-0.696934
-0.844893
-0.247489
-0.746177
0.0532591
-0.370595
-0.91242
-0.0757222
-0.357718
-0.847041
-1.42329
0.637027
-0.502356
-0.289524
-0.308356
-0.875874
-0.921195
1.86283
-0.51764
0.0965773
2.40094
-1.23032
0.64867
-0.376261
-0.766804
-0.765021
0.516436
-1.0013
-0.312398
2.05481
-0.493318
-1.10402
0.841772
-0.635948
-0.758483
0.404498
-1.71875
-1.1468
0.834774
-0.823368
-0.719742
1.03885
-1.3408
0.148253
-0.361479
-0.904421
-0.462179
-0.362929
-1.20407
0.838555
-0.787832
-0.83746
-1.03821
0.358932
-0.65162
-0.871623
0.52681
-0.556188
0.472362
0.614157
-2.31038
-0.229619
1.8079
-0.703951
-1.0668
0.168751
-0.71846
-0.350679
-0.399075
-0.915322

