0.202298 
0.162513 
-0.633245 
0.031156 
0.167550 
-0.362767 
0.146434 
0.036801 
-0.238757 
0.079168 
0.291366 
-0.063557 
0.032036 
0.412350 
-0.263348 
0.467974 
0.005200 
-1.626360 
-3.366591 
-0.011450 
-1.973565 
-3.568866 
1.889704 
2.888021 
2.169772 
0.897973 
-0.122558 
2.029823 
0.698970 
-0.378049 
0.072888 
0.403786 
0.271004 
0.273876 
-0.279288 
-0.500977 
-0.964081 
-0.022258 
-0.042672 
0.678020 
0.921826 
1.432759 
-0.761998 
-0.651566 
-0.831320 
0.496043 
0.349633 
-1.577888 
-2.552254 
0.364009 
-1.740182 
-2.528856 
0.233172 
0.542763 
0.258087 
1.211050 
1.580937 
0.250775 
1.268518 
1.844192 
-0.131786 
-0.583676 
-0.446260 
-2.130091 
-0.628726 
-0.596131 
-2.199736 
1.350067 
2.398503 
1.612303 
0.567210 
-0.581547 
1.529661 
0.503930 
-0.663720 
-0.002054 
0.359323 
0.350914 
0.516470 
-0.355486 
-0.291908 
-0.262944 
-0.079825 
-0.089451 
0.677555 
0.905067 
1.452323 
-0.853771 
-0.907097 
-1.419118 
0.222584 
0.185322 
-0.609440 
0.105868 
0.183889 
-0.332621 
0.197595 
0.059612 
-0.140739 
0.060415 
0.269973 
-0.245028 
0.098282 
0.200667 
-0.256378 
0.454730 
-0.017529 
-1.651822 
-3.293828 
0.009591 
-1.866241 
-3.443468 
1.843134 
2.841564 
2.130128 
0.879103 
-0.202738 
1.966357 
0.692437 
-0.341419 
0.235944 
0.530648 
0.487714 
0.122211 
-0.138774 
-0.313829 
-0.565869 
0.104797 
0.078449 
0.787061 
1.051051 
1.220347 
-0.621786 
-1.110065 
-1.867897 
0.169676 
0.137709 
-0.725221 
0.404884 
0.142446 
-0.406107 
0.283292 
0.008383 
-0.132470 
0.039577 
0.363248 
0.002891 
0.021821 
0.161280 
-0.471410 
0.471172 
-0.001132 
-1.687667 
-3.258948 
-0.018429 
-1.974482 
-3.586427 
1.922638 
2.986721 
2.198213 
0.898185 
-0.306249 
2.075279 
0.699285 
-0.418160 
0.002961 
0.341064 
0.450800 
0.478984 
-0.356432 
-0.075286 
0.113382 
-0.093901 
-0.170157 
0.625762 
0.755647 
0.904097 
-0.847231 
-0.943464 
-1.186227 
0.641584 
0.438776 
-0.157521 
0.793280 
0.457383 
-1.646412 
-2.293448 
0.333739 
-0.045332 
0.220699 
-0.038217 
-1.211421 
0.420052 
1.309966 
0.776870 
-0.024443 
-0.443770 
-2.266999 
-3.927147 
-0.500426 
0.010873 
-1.268581 
1.417465 
2.429857 
1.634406 
0.481168 
0.745428 
1.636807 
0.530296 
-0.454933 
0.049585 
0.409334 
0.740498 
0.998801 
-0.293507 
-0.585253 
-0.612658 
-0.018332 
-0.061215 
0.723450 
1.321936 
0.824641 
-0.759873 
-1.068361 
-1.669045 
0.182236 
0.174977 
-0.099400 
0.540560 
0.178970 
-0.036602 
0.770871 
0.054706 
-0.211968 
-0.176990 
-1.011604 
-1.838316 
0.330758 
1.169938 
-0.028135 
0.226828 
-0.202140 
-1.873612 
-3.464309 
-0.223311 
-2.070498 
-3.449819 
1.551931 
2.474595 
1.786612 
0.816658 
1.259885 
1.708903 
0.722034 
0.736243 
0.086738 
0.398965 
0.525231 
0.670545 
-0.236836 
-0.401882 
-0.590405 
0.003385 
-0.011635 
0.629705 
0.830997 
0.078903 
-0.627351 
-0.479504 
-0.876855 
0.319846 
0.272342 
-0.551251 
-0.575793 
0.274993 
-0.002076 
0.544439 
0.148695 
-0.089959 
0.205869 
0.472234 
0.033277 
0.127847 
-0.091228 
-1.089235 
0.471197 
0.008540 
-1.608360 
-3.438968 
0.010969 
-1.939971 
-3.548164 
1.867337 
2.866231 
2.142867 
0.888293 
-0.247738 
2.004689 
0.696607 
-0.173528 
0.075603 
0.388358 
0.349557 
0.327466 
-0.284206 
-0.176218 
-0.115489 
-0.034605 
-0.082224 
0.653249 
0.820502 
0.951836 
-0.762169 
-0.990303 
-1.121358 
1.193508 
1.045397 
-0.784964 
-1.156274 
1.060700 
-1.034262 
-1.165902 
0.927976 
1.269504 
0.921389 
-0.479180 
-1.467449 
1.009379 
-0.195817 
-1.144003 
-0.854848 
-1.311030 
-0.746808 
-2.692158 
-1.361781 
-0.840839 
-2.662348 
0.642650 
1.691370 
0.897762 
1.243877 
2.081784 
0.829853 
1.088114 
1.994402 
-0.001289 
0.368663 
0.689555 
0.736623 
-0.356040 
-0.497706 
-0.345082 
-0.075344 
-0.111451 
0.681697 
1.271385 
1.041250 
-0.848551 
-1.477308 
-1.076404 
-0.039371 
-0.067100 
-0.159765 
0.623834 
-0.059522 
-0.208980 
0.511559 
-0.192797 
-0.370115 
-0.232520 
0.019447 
-0.340359 
-0.103846 
0.348407 
0.271126 
0.509492 
0.058138 
-1.786851 
-3.466034 
0.019703 
-1.975630 
-3.523820 
1.931643 
2.959676 
2.182843 
0.904369 
-0.262045 
2.099972 
0.830498 
-0.481954 
0.006552 
0.351699 
0.348477 
0.362506 
-0.329713 
-0.271653 
-0.351052 
-0.069187 
-0.102915 
0.638934 
0.785135 
0.865463 
-0.795108 
-0.619841 
-0.819295 
0.246786 
0.245018 
0.287832 
1.043743 
0.249636 
0.343320 
1.066373 
0.145181 
-0.094164 
0.173622 
-0.686782 
-1.294118 
0.179204 
-0.677382 
-1.228269 
-0.201527 
-0.552614 
-1.977603 
-3.188723 
-0.580741 
-2.131675 
-3.239006 
0.900741 
1.659565 
1.103873 
1.544139 
2.136278 
1.019196 
1.411442 
2.096656 
0.015215 
0.281739 
0.376774 
0.539890 
-0.246398 
-0.202140 
-0.270794 
-0.044832 
-0.068433 
0.501666 
1.042364 
0.683393 
-0.612793 
-1.175850 
-0.819800 
0.250840 
0.255324 
-0.002355 
-0.821063 
0.260600 
-0.094101 
-0.894236 
0.160826 
0.280494 
0.068059 
0.216115 
0.003693 
0.129057 
0.293524 
-0.106777 
-0.408284 
-0.736070 
-2.060460 
-3.065373 
-0.771125 
-2.199152 
-3.107993 
0.633109 
1.379099 
0.796698 
1.724515 
2.710335 
0.750433 
1.686259 
2.668009 
0.007966 
0.265909 
0.358589 
0.475169 
-0.233680 
-0.192010 
-0.272483 
-0.041268 
-0.045624 
0.478468 
1.015690 
0.960558 
-0.578476 
-1.122373 
-1.076436 
0.028351 
-0.001319 
0.429051 
1.588906 
0.003307 
-0.737800 
-0.713079 
-0.126674 
-0.337005 
-0.208941 
-0.119004 
-0.638441 
-0.007674 
0.505013 
0.335309 
0.462376 
0.005062 
-1.768839 
-3.171300 
-0.012417 
-1.846760 
-3.520816 
1.867982 
2.878045 
2.133303 
0.853588 
-0.255532 
2.018860 
0.774983 
-0.418537 
0.072779 
0.400827 
0.241432 
0.096874 
-0.274899 
-0.165979 
-0.252030 
-0.020396 
-0.058871 
0.673155 
0.888055 
0.951114 
-0.739654 
-0.729448 
-1.082960 
1.127888 
0.929901 
-1.209255 
-2.585933 
0.944731 
-1.448523 
-2.603867 
0.791860 
1.139962 
0.968367 
0.753143 
-0.286053 
0.754022 
0.878818 
-0.155059 
-0.378072 
-0.936849 
0.185094 
-1.697969 
-0.965335 
0.089707 
-1.687184 
1.388698 
2.579219 
1.633148 
0.181455 
-0.711332 
1.660648 
-0.071910 
-1.269319 
0.006713 
0.431597 
0.449045 
0.542949 
-0.442622 
-0.408453 
-0.474975 
-0.108452 
-0.162338 
0.720142 
1.429601 
1.772249 
-0.978080 
-1.221120 
-1.556255 
0.035004 
-0.010758 
-0.515293 
0.041550 
-0.002949 
-0.561607 
0.056340 
-0.132324 
-0.156099 
-0.118323 
0.468021 
0.362930 
-0.105125 
0.480666 
0.157967 
0.474666 
0.029211 
-1.732306 
-3.470692 
-0.004598 
-1.896906 
-3.468040 
1.871286 
2.914861 
2.121584 
0.978835 
-0.294745 
2.034081 
0.838271 
-0.395509 
-0.027798 
0.308759 
0.455834 
0.662340 
-0.361691 
-0.213860 
-0.139760 
-0.105977 
-0.127845 
0.592337 
0.829791 
1.047797 
-0.826801 
-0.934259 
-1.158866 
-0.048270 
-0.022576 
0.179218 
0.930429 
-0.016772 
0.171738 
0.837132 
-0.137630 
0.109136 
-0.109030 
0.087935 
-0.138273 
-0.098145 
-0.907257 
-0.837633 
0.133029 
-0.255135 
-1.836344 
-3.233802 
-0.300628 
-2.039635 
-3.363242 
1.378685 
2.247482 
1.571585 
0.477669 
-0.585165 
1.547441 
1.846364 
2.411698 
-0.025082 
0.284426 
0.404051 
0.622337 
-0.309149 
-0.243334 
-0.337458 
-0.080237 
0.001558 
0.546652 
0.800133 
1.152719 
-0.714350 
-1.544137 
-0.558129 
0.184194 
0.156418 
0.043750 
0.676923 
0.156506 
-0.142922 
0.332005 
0.040124 
-0.175002 
0.176437 
-0.018495 
-0.885858 
-0.059688 
0.222651 
-0.707043 
0.229295 
-0.202095 
-1.880869 
-3.455917 
-0.189335 
-1.995189 
-3.449726 
1.513509 
2.435224 
1.780694 
1.196334 
2.278567 
1.624781 
0.339075 
-0.224349 
0.043975 
0.324537 
0.249688 
0.115913 
-0.294149 
-0.403943 
-0.629198 
-0.066653 
-0.042567 
0.558420 
1.277161 
1.265271 
-0.741593 
-0.913922 
-0.742941 
0.256616 
0.212554 
-0.681004 
-0.964940 
0.212275 
0.126966 
0.641320 
0.089664 
-0.134858 
0.102040 
0.342634 
-0.173455 
0.109891 
0.279035 
-0.418738 
0.456097 
-0.008090 
-1.536567 
-3.335071 
0.013442 
-1.943496 
-3.548180 
1.826074 
2.808267 
2.101591 
0.874440 
-0.167579 
1.956375 
0.714694 
-0.211998 
0.152107 
0.446624 
0.388679 
0.171598 
-0.214300 
-0.158007 
-0.123140 
0.027248 
-0.032079 
0.702045 
0.916817 
1.124276 
-0.687051 
-1.076824 
-1.637993 
0.097090 
0.055834 
0.067637 
1.250723 
0.063349 
-1.180973 
-1.012769 
-0.068144 
-0.258399 
-0.131217 
0.195621 
-0.146861 
0.029632 
0.598565 
0.439911 
0.432867 
-0.019453 
-1.848752 
-3.275726 
-0.052754 
-1.643179 
-3.349673 
1.849618 
2.875507 
2.104120 
0.847871 
-0.344672 
2.015083 
0.805268 
-0.396126 
0.048435 
0.389194 
0.283676 
0.222421 
-0.290830 
-0.095930 
-0.211658 
-0.031678 
-0.055181 
0.674421 
0.900231 
1.090265 
-0.757310 
-0.841633 
-1.324423 
0.184739 
0.128619 
-0.097437 
1.455588 
0.132500 
-1.110149 
-1.006568 
0.002568 
-0.130134 
-0.087218 
0.392520 
-0.749535 
0.130208 
0.973943 
-0.219643 
0.257030 
-0.215712 
-2.078179 
-3.115088 
-0.218666 
-1.839660 
-3.543846 
1.694105 
2.743293 
1.957669 
0.727576 
0.794807 
1.857029 
0.764742 
0.214902 
0.110065 
0.435318 
0.405339 
0.527745 
-0.256410 
-0.259163 
-0.552550 
0.001356 
-0.033347 
0.713820 
1.037241 
0.371046 
-0.731143 
-0.834153 
-0.935163 
0.212045 
0.130234 
-1.258210 
-1.211691 
0.141119 
-1.272947 
-1.295706 
0.019625 
0.134025 
0.043601 
0.939691 
1.215283 
0.027265 
0.960765 
1.214902 
0.179923 
-0.235407 
-1.263683 
-2.944358 
-0.278444 
-1.559870 
-3.176289 
1.511077 
2.492164 
1.739196 
1.031216 
0.202902 
1.678320 
0.826394 
-0.203142 
-0.082905 
0.244411 
0.393834 
0.610502 
-0.395370 
-0.213506 
-0.088770 
-0.148891 
-0.154751 
0.520590 
1.049256 
1.858696 
-0.834634 
-1.067458 
-1.691004 
-0.026500 
-0.049186 
-0.767509 
-0.407167 
-0.040062 
0.142844 
1.471005 
-0.175876 
-0.319619 
-0.140524 
0.192137 
-0.010665 
-0.164719 
0.271289 
0.024551 
0.465691 
0.016041 
-1.689370 
-3.515206 
-0.034845 
-2.026199 
-3.107170 
1.900932 
2.945484 
2.150515 
0.876266 
-0.327910 
2.074545 
0.774843 
-0.503617 
-0.011591 
0.344425 
0.398615 
0.358704 
-0.341967 
-0.195166 
-0.082734 
-0.077282 
-0.059994 
0.640217 
0.798088 
1.023847 
-0.815093 
-0.859368 
-1.120701 
0.100835 
0.081488 
-0.375044 
0.408020 
0.089098 
-0.203229 
0.542167 
-0.043810 
-0.097656 
-0.005810 
0.505091 
-0.752427 
-0.045229 
0.506164 
-0.709658 
0.401015 
-0.044841 
-1.822550 
-3.500936 
-0.086549 
-2.048905 
-3.592565 
1.810449 
2.857252 
2.054319 
0.845065 
0.375830 
1.983310 
0.738993 
0.030113 
-0.032690 
0.311688 
0.387229 
0.409205 
-0.363276 
-0.133781 
-0.062436 
-0.104546 
-0.116712 
0.601888 
0.873473 
0.802460 
-0.830484 
-0.971698 
-0.770321 
1.192269 
0.973444 
-0.537204 
-1.167149 
0.999563 
-0.791448 
-1.842439 
0.876367 
0.755102 
0.698591 
-0.226327 
-1.289727 
1.043719 
0.203649 
-0.888410 
-0.119232 
-0.496368 
-1.286544 
-2.795334 
-0.602639 
-1.560511 
-2.947623 
1.292720 
2.349594 
1.439384 
0.525120 
0.635012 
1.571736 
0.642711 
1.351973 
-0.063403 
0.315302 
1.114932 
2.043607 
-0.366141 
-0.148980 
0.136915 
-0.089219 
0.030312 
0.640605 
0.228498 
-0.488838 
-0.776730 
-1.285728 
-1.291133 
0.338512 
0.283391 
-1.235487 
-0.025121 
0.293091 
-0.753951 
-0.462046 
0.157695 
0.173441 
0.206702 
0.572858 
-0.058795 
0.168956 
0.578763 
-0.238009 
0.335171 
-0.123848 
-1.292194 
-2.786730 
-0.167671 
-1.959736 
-3.710253 
1.796257 
2.862627 
2.046372 
0.801335 
-0.080601 
1.976043 
0.670615 
-0.367387 
-0.020191 
0.336457 
0.541001 
0.657513 
-0.363886 
-0.335831 
-0.402992 
-0.095057 
-0.075964 
0.638324 
0.977133 
1.589860 
-0.845959 
-1.111457 
-1.488952 
-0.289960 
-0.284908 
-0.172096 
0.690591 
-0.277524 
-0.127147 
0.684662 
-0.402307 
-0.820613 
-0.509227 
0.050049 
0.125071 
-0.246646 
0.404860 
1.175196 
0.373179 
-0.031537 
-1.710927 
-3.176097 
-0.080696 
-1.915515 
-3.252614 
1.672171 
2.532597 
1.886163 
0.784492 
-0.031127 
1.840094 
0.686144 
0.423673 
-0.018836 
0.305159 
0.444151 
0.679203 
-0.315084 
-0.200375 
-0.160101 
-0.075386 
-0.165884 
0.565922 
1.023111 
1.820984 
-0.719830 
-0.998814 
-2.184219 
0.043939 
0.018411 
-0.366652 
1.155290 
0.017701 
-0.593219 
-0.102910 
-0.110449 
-0.266267 
-0.139487 
0.112580 
-0.288454 
-0.040230 
0.411378 
0.148369 
0.441002 
-0.036438 
-1.840701 
-2.953008 
-0.018466 
-1.925744 
-3.542515 
1.854490 
2.881505 
2.132608 
0.889680 
-0.237061 
1.994285 
0.743735 
-0.383372 
0.152485 
0.458659 
0.440914 
0.342606 
-0.221861 
-0.326095 
-0.647802 
0.027490 
0.020789 
0.725727 
1.027035 
1.239210 
-0.705761 
-0.989494 
-1.543903 
0.022566 
-0.007110 
-0.388682 
1.172403 
-0.005947 
-0.515770 
-0.008448 
-0.137386 
-0.269915 
-0.141624 
0.218868 
-0.035613 
-0.089081 
0.269432 
-0.083693 
0.465810 
-0.015539 
-1.860233 
-2.960221 
-0.009004 
-1.967632 
-3.635383 
1.907745 
2.967542 
2.199489 
0.939804 
-0.257387 
2.041495 
0.706519 
-0.523004 
0.016760 
0.337047 
0.487673 
0.389112 
-0.357169 
-0.162994 
-0.068381 
-0.100448 
-0.199143 
0.608823 
0.879242 
1.091430 
-0.851357 
-0.884638 
-1.185957 
0.335039 
0.290692 
-0.197954 
0.232942 
0.297755 
-0.162317 
0.274689 
0.171433 
0.225388 
0.213156 
-0.125448 
-0.793762 
0.161881 
-0.166154 
-0.757340 
0.313340 
-0.124730 
-1.830462 
-3.529429 
-0.154006 
-2.033024 
-3.621432 
1.679851 
2.703007 
1.933831 
1.003431 
0.563814 
1.830337 
0.686471 
0.579003 
-0.034625 
0.292140 
0.476432 
0.788419 
-0.364096 
-0.386998 
-0.512454 
-0.114539 
-0.135816 
0.564087 
1.356705 
0.357794 
-0.822439 
-1.338106 
-0.126506 
0.033235 
0.035326 
-0.147727 
-0.590689 
0.039457 
-0.195653 
-0.625960 
-0.063101 
-0.133723 
-0.164213 
0.238343 
0.644123 
-0.059190 
0.247010 
0.742763 
-0.302737 
-0.647994 
-2.022058 
-3.296332 
-0.674283 
-2.182650 
-3.361570 
0.777859 
1.562737 
0.970378 
1.800114 
2.589363 
0.882042 
1.606344 
2.298787 
0.029939 
0.291109 
0.426555 
0.640926 
-0.228542 
-0.252696 
-0.418412 
-0.030260 
-0.077416 
0.500200 
0.933371 
0.466181 
-0.589584 
-1.076669 
-0.614703 
0.326963 
0.300705 
0.127506 
0.601139 
0.301954 
-0.039182 
0.361564 
0.187727 
-0.049121 
0.084415 
-1.095629 
-2.118697 
0.325329 
0.795635 
-0.110308 
0.183875 
-0.233439 
-1.838217 
-3.397472 
-0.229196 
-1.954703 
-3.389498 
1.436028 
2.321939 
1.674726 
1.648156 
1.780112 
1.567868 
0.500093 
-0.070274 
0.070734 
0.349900 
0.281045 
0.255476 
-0.252957 
-0.397239 
-0.651280 
-0.029740 
0.019609 
0.579836 
0.950950 
0.820639 
-0.661958 
-0.548539 
-0.786476 
0.141730 
0.097128 
-0.288035 
0.251822 
0.103140 
-0.288736 
0.303367 
-0.025374 
-0.105346 
-0.020328 
0.233813 
-0.144791 
0.004704 
0.253230 
-0.516324 
0.485554 
0.034326 
-1.719125 
-3.405853 
0.012492 
-1.921413 
-3.495597 
1.882541 
2.919576 
2.139929 
0.883967 
-0.273011 
2.039064 
0.723835 
-0.306286 
-0.061820 
0.267079 
0.615830 
1.138516 
-0.404574 
-0.339470 
-0.334947 
-0.150657 
-0.187320 
0.546251 
0.752128 
1.042385 
-0.873628 
-0.943454 
-1.066319 
0.214647 
0.183374 
-0.669295 
-0.611805 
0.184019 
-0.007822 
0.696308 
0.056920 
-0.065980 
0.102685 
0.420843 
0.055992 
0.052827 
0.064850 
-0.677563 
0.467912 
-0.001245 
-1.605403 
-3.418404 
0.009347 
-1.951477 
-3.487869 
1.867789 
2.896572 
2.142991 
0.902266 
-0.245036 
2.005912 
0.698347 
-0.281702 
0.118374 
0.426342 
0.333518 
0.109158 
-0.247404 
-0.113146 
-0.001224 
0.000880 
-0.062601 
0.690918 
0.865222 
1.033844 
-0.727939 
-1.036503 
-1.389438 
0.180549 
0.144201 
0.233257 
0.987269 
0.150089 
-0.250440 
0.021129 
0.031282 
-0.173326 
-0.095167 
-0.076251 
-0.652568 
0.179382 
0.292452 
-0.971858 
0.334139 
-0.080191 
-1.775529 
-3.291733 
-0.104407 
-1.874510 
-3.406860 
1.617935 
2.543097 
1.861385 
0.770340 
-0.221546 
1.756807 
1.028661 
0.842414 
0.152315 
0.457976 
0.543833 
0.492695 
-0.160409 
-0.134205 
-0.337743 
0.074273 
-0.008427 
0.699059 
1.208356 
1.102678 
-0.574960 
-1.525783 
-1.989658 
0.169615 
0.133015 
-0.617788 
0.131052 
0.133507 
-0.332337 
0.462249 
0.005760 
-0.162521 
0.102734 
0.578348 
0.372416 
-0.052433 
-0.038222 
-0.885395 
0.458158 
-0.016593 
-1.696663 
-3.403817 
-0.002992 
-1.954117 
-3.425679 
1.871454 
2.893339 
2.162292 
0.967209 
-0.127834 
1.997510 
0.653857 
-0.376124 
0.068791 
0.377958 
0.340052 
0.052328 
-0.302767 
-0.206650 
-0.162817 
-0.052413 
-0.069972 
0.634162 
0.902364 
1.334343 
-0.788773 
-0.980089 
-1.146517 
0.087261 
0.082432 
0.152498 
0.863766 
0.090685 
0.154649 
0.707589 
-0.031676 
-0.069514 
0.001297 
0.212116 
-0.021648 
-0.025875 
-0.832260 
-1.371320 
0.245161 
-0.151980 
-1.795886 
-3.268733 
-0.203560 
-1.995989 
-3.424006 
1.522331 
2.475674 
1.727847 
0.573534 
-0.569510 
1.694458 
1.300209 
1.870450 
-0.024774 
0.296232 
0.510578 
0.838633 
-0.313842 
-0.174989 
-0.213195 
-0.077438 
-0.027225 
0.569333 
0.744031 
1.011093 
-0.731155 
-1.595886 
-0.811397 
0.329822 
0.291268 
-0.199427 
0.166550 
0.303259 
-0.011888 
0.531740 
0.184635 
-0.069601 
0.422649 
1.255641 
0.295153 
-0.028637 
-1.180233 
-2.290931 
0.135536 
-0.244341 
-1.742069 
-3.232580 
-0.310123 
-2.030484 
-3.412586 
1.384289 
2.259929 
1.598249 
0.782435 
0.349613 
1.540061 
1.321809 
1.600261 
-0.072997 
0.250709 
0.561969 
1.075990 
-0.345838 
-0.150419 
0.036488 
-0.111533 
-0.177207 
0.470560 
0.587293 
0.579675 
-0.718789 
-1.038062 
-0.947838 
0.160027 
0.129092 
-0.770887 
-1.009432 
0.136109 
0.273207 
1.121827 
0.006084 
-0.148646 
0.072680 
0.529892 
0.445777 
-0.021861 
0.089612 
-1.013482 
0.429860 
-0.014746 
-1.569966 
-3.357706 
-0.048308 
-1.974563 
-3.374739 
1.823305 
2.834978 
2.076739 
0.870579 
-0.330514 
1.981525 
0.686658 
-0.033101 
-0.034139 
0.301234 
0.418334 
0.593500 
-0.366621 
-0.007565 
0.251010 
-0.112071 
-0.185467 
0.578425 
0.714096 
0.978310 
-0.830589 
-1.116808 
-1.181650 
0.102770 
0.085340 
-0.469707 
0.359571 
0.096662 
-0.957325 
1.102669 
-0.047245 
-0.136849 
-0.028038 
0.282893 
-0.599556 
-0.016049 
0.503724 
-0.278858 
0.361658 
-0.104027 
-1.961063 
-3.716085 
-0.171472 
-2.013267 
-2.586081 
1.865172 
2.970977 
2.121704 
0.813983 
0.036778 
2.051836 
0.704888 
-0.375005 
0.009508 
0.391790 
0.357283 
0.309037 
-0.325485 
-0.404634 
-0.236808 
-0.046366 
-0.055655 
0.707146 
1.057226 
1.146939 
-0.816563 
-0.957854 
-1.135564 
0.873151 
0.737428 
-1.296609 
-1.676021 
0.749972 
-1.478949 
-1.789328 
0.609350 
0.874113 
0.625928 
0.649346 
-0.281495 
0.641021 
0.836125 
-0.074031 
0.138868 
-0.356270 
-0.802188 
-2.838913 
-0.391653 
-0.954121 
-2.845406 
1.724689 
2.857928 
2.007410 
0.548628 
-0.485266 
1.912936 
0.358647 
-0.875289 
0.002102 
0.381902 
0.520256 
0.618674 
-0.384577 
-0.344567 
-0.363251 
-0.091636 
-0.094256 
0.708905 
1.041475 
1.168228 
-0.915953 
-1.058340 
-1.188960 
0.337124 
0.308536 
-0.775019 
-0.278532 
0.317315 
-1.620454 
-0.031531 
0.173685 
0.307868 
0.262629 
0.912162 
0.073390 
0.162328 
0.489048 
-0.638548 
0.313027 
-0.170208 
-1.858319 
-3.800610 
-0.216327 
-1.434456 
-2.653897 
1.840295 
2.973976 
2.107685 
0.864287 
-0.179582 
2.019626 
0.574570 
-0.380066 
-0.068600 
0.304689 
0.243825 
0.220786 
-0.425521 
0.004488 
-0.122672 
-0.145581 
-0.212081 
0.615041 
0.914830 
1.416634 
-0.932385 
-0.930788 
-0.882665 
0.616166 
0.569200 
-0.752114 
-1.044448 
0.575142 
-1.067038 
-0.942928 
0.442562 
0.641853 
0.688930 
1.128326 
0.363064 
0.256245 
-0.341418 
-1.133540 
0.162529 
-0.305965 
-1.663473 
-3.502544 
-0.326105 
-1.477799 
-3.185472 
1.605678 
2.663824 
1.865246 
0.579609 
0.425222 
1.769168 
0.491840 
0.898241 
-0.276048 
0.061703 
0.312221 
0.708731 
-0.630545 
-0.260332 
0.218864 
-0.369577 
-0.476991 
0.316715 
0.793377 
1.533364 
-1.099289 
-0.860924 
0.028732 
0.709634 
0.672306 
-1.198027 
-0.303139 
0.682498 
-0.100904 
0.039280 
0.550867 
0.590792 
0.542530 
-0.516170 
-1.070839 
0.627952 
-0.295887 
-0.930894 
-0.201177 
-0.637291 
-0.740883 
-2.232095 
-0.690546 
-2.529673 
-4.162746 
1.197305 
2.228754 
1.417966 
0.747593 
1.756553 
1.386022 
0.697848 
1.762369 
0.065042 
0.414082 
0.522283 
0.328229 
-0.254476 
-0.176669 
-0.167442 
0.004063 
0.017869 
0.710202 
1.069443 
0.629256 
-0.704632 
-1.373504 
-1.083745 
0.192900 
0.160117 
-0.279611 
0.329887 
0.168115 
-0.140352 
0.657119 
0.038337 
-0.219530 
0.156795 
0.740112 
-0.514065 
-0.049075 
-0.039525 
-1.201221 
0.312373 
-0.126731 
-1.849943 
-3.485185 
-0.166441 
-2.105563 
-3.571105 
1.699306 
2.689393 
1.952500 
0.769309 
0.726491 
1.856490 
0.478738 
0.820369 
-0.055580 
0.282549 
0.607330 
1.068693 
-0.382303 
-0.373311 
-0.409780 
-0.127618 
-0.178517 
0.555723 
0.819246 
0.532259 
-0.841252 
-1.027221 
-0.470218 
0.404561 
0.312230 
0.266490 
1.240307 
0.331658 
-1.069892 
-0.833033 
0.203915 
0.076797 
0.178812 
0.411546 
-0.665213 
0.268855 
-0.203261 
-0.923772 
0.112707 
-0.280078 
-1.821913 
-3.093030 
-0.379378 
-1.593496 
-3.181780 
1.473053 
2.462505 
1.694927 
0.523324 
0.415112 
1.654939 
0.555283 
1.457823 
-0.055587 
0.312019 
1.202312 
1.999903 
-0.335141 
-0.856834 
-0.694403 
-0.075268 
-0.186223 
0.613469 
0.947997 
0.572747 
-0.771049 
-1.216713 
-1.457229 
0.233454 
0.205038 
0.121540 
0.849758 
0.210491 
0.182771 
0.839908 
0.084564 
-0.008915 
0.124245 
-0.096671 
-1.276207 
0.085241 
-0.131951 
-1.423265 
0.387460 
-0.049964 
-1.798823 
-3.392441 
-0.073735 
-1.979316 
-3.471196 
1.743236 
2.736057 
1.990577 
0.718094 
0.423216 
1.896158 
0.495749 
0.374929 
-0.021166 
0.299610 
0.396036 
0.527164 
-0.351379 
-0.293890 
-0.324485 
-0.104902 
-0.148860 
0.570570 
0.937093 
1.051801 
-0.806590 
-0.936840 
-0.794162 
0.184350 
0.154489 
-0.269649 
0.546474 
0.164201 
-0.485137 
0.599140 
0.030361 
-0.117551 
0.029584 
-0.000146 
-0.815642 
0.076433 
0.336167 
-0.433076 
0.442129 
-0.000694 
-1.798206 
-3.458657 
-0.053189 
-1.938618 
-3.260802 
1.859856 
2.891472 
2.107808 
0.852419 
-0.029821 
2.030286 
0.715760 
-0.359743 
-0.053985 
0.299192 
0.409237 
0.505106 
-0.379059 
-0.164531 
0.006587 
-0.117026 
-0.160529 
0.592420 
0.973091 
1.272436 
-0.845003 
-1.033144 
-1.304791 
0.177463 
0.130201 
-1.223138 
-1.375660 
0.138209 
0.089997 
0.821691 
0.008064 
-0.144202 
0.077526 
0.535665 
0.449568 
-0.021171 
0.458402 
-0.122617 
0.416356 
-0.031798 
-1.299452 
-3.136761 
-0.066432 
-2.086770 
-3.586759 
1.821467 
2.836157 
2.080922 
0.890600 
-0.169878 
1.977282 
0.706138 
-0.351072 
0.001502 
0.340384 
0.364190 
0.391981 
-0.333868 
-0.219965 
-0.142280 
-0.076619 
-0.097821 
0.618993 
0.757771 
1.237263 
-0.802620 
-0.874382 
-1.164529 
0.087995 
0.061257 
-0.488436 
0.145556 
0.067506 
-0.377702 
0.739620 
-0.066185 
-0.157264 
-0.080426 
0.046730 
-0.542738 
-0.009410 
0.368532 
0.204964 
0.482150 
0.022060 
-1.747241 
-3.494466 
-0.007625 
-2.006550 
-3.306366 
1.915368 
2.974348 
2.181546 
0.884329 
-0.216762 
2.072475 
0.760311 
-0.513578 
0.073676 
0.415609 
0.325111 
0.136604 
-0.272011 
-0.286420 
-0.475998 
-0.010819 
-0.014293 
0.702723 
0.942724 
1.068624 
-0.751248 
-0.789778 
-1.064504 
0.184350 
0.155685 
-0.139947 
0.938055 
0.160796 
-1.141100 
-0.636282 
0.026647 
-0.094053 
-0.083261 
0.196994 
-0.850077 
0.185978 
1.177709 
-0.081494 
0.244787 
-0.224166 
-2.051528 
-3.599707 
-0.245261 
-1.811622 
-3.391303 
1.691605 
2.748012 
1.943665 
0.664803 
0.875504 
1.866878 
0.876045 
0.412289 
0.118467 
0.457780 
0.193594 
-0.088512 
-0.236775 
-0.063417 
-0.344274 
0.025331 
0.008491 
0.741153 
1.088394 
0.285969 
-0.702276 
-0.686379 
-0.797546 
0.223369 
0.178979 
-0.073117 
0.548520 
0.183916 
-0.131840 
0.386262 
0.054784 
-0.163529 
0.081368 
0.140211 
-0.432303 
0.053447 
0.006719 
-1.056786 
0.492099 
0.032515 
-1.791926 
-3.510930 
0.018039 
-1.943627 
-3.544753 
1.901695 
2.917573 
2.181011 
0.905289 
-0.248004 
2.040236 
0.661359 
-0.110578 
0.005293 
0.332555 
0.359935 
0.451298 
-0.346414 
-0.435288 
-0.681138 
-0.091102 
-0.125710 
0.604787 
0.882091 
0.818725 
-0.825830 
-0.649163 
-0.300038 
0.172380 
0.132516 
-0.819317 
-0.466001 
0.137947 
-0.072939 
1.059355 
0.007424 
-0.125666 
0.015746 
0.600529 
-0.745715 
0.032857 
0.641917 
-0.571033 
0.316087 
-0.143535 
-1.725437 
-3.524233 
-0.162866 
-2.161726 
-3.413991 
1.733261 
2.773873 
1.986596 
0.847987 
0.756048 
1.900063 
0.668743 
0.149130 
0.028610 
0.360563 
0.450294 
0.376203 
-0.320810 
-0.256059 
-0.283292 
-0.063812 
-0.064470 
0.645227 
1.026912 
0.732375 
-0.794991 
-0.951528 
-0.885221 
0.512164 
0.412259 
-0.523991 
-0.098789 
0.415726 
-0.552329 
0.029853 
0.306625 
0.123343 
0.018155 
-0.140865 
-1.046317 
0.601052 
0.699892 
-0.756780 
0.128288 
-0.290016 
-1.627551 
-3.216180 
-0.275221 
-1.821839 
-3.232149 
1.389080 
2.306429 
1.603606 
0.807299 
0.070717 
1.555051 
1.308837 
1.293648 
0.077448 
0.352880 
0.928754 
1.156472 
-0.259765 
-0.373762 
-0.711227 
-0.034009 
-0.071557 
0.558788 
1.434225 
1.161039 
-0.637205 
-1.954889 
-1.627191 
0.819333 
0.736685 
-0.942739 
-1.088904 
0.746374 
-1.004825 
-1.052448 
0.626296 
0.434098 
0.636633 
-0.484657 
-0.102057 
0.697355 
-0.335460 
0.314316 
-0.449664 
-0.868062 
-1.449987 
-3.169102 
-0.902412 
-1.702127 
-3.247971 
0.873494 
1.764669 
1.122200 
1.315209 
2.420700 
1.014978 
1.080380 
2.197694 
0.055783 
0.376698 
0.480956 
0.604574 
-0.261656 
-0.264561 
-0.239340 
-0.017201 
-0.082228 
0.635972 
1.102715 
0.477038 
-0.695953 
-1.256929 
-0.915871 
0.740461 
0.697855 
-0.370865 
-0.123944 
0.704167 
-0.434255 
-0.108304 
0.591611 
0.692880 
0.632122 
-0.486031 
-1.241970 
0.606210 
-0.587846 
-1.312091 
-0.153288 
-0.545031 
-1.796719 
-3.360220 
-0.570075 
-1.949947 
-3.360808 
1.067352 
1.972147 
1.281857 
1.226789 
1.947823 
1.211486 
1.112623 
1.916011 
0.007294 
0.298285 
0.458793 
0.575233 
-0.287431 
-0.201330 
-0.181701 
-0.064969 
-0.100881 
0.547164 
0.875272 
0.718363 
-0.696252 
-1.002619 
-0.945221 
0.601364 
0.511191 
-1.244761 
-1.376951 
0.518597 
0.374845 
1.524079 
0.395932 
0.282268 
0.574362 
0.588077 
-0.607505 
0.246776 
-0.722552 
-1.665724 
0.027383 
-0.414808 
-0.915783 
-2.690258 
-0.430405 
-2.368216 
-3.566799 
1.400613 
2.411555 
1.649682 
0.447338 
0.391058 
1.559571 
0.846252 
1.652818 
0.083283 
0.402818 
0.374769 
0.652264 
-0.259556 
-0.488335 
-0.595835 
-0.009867 
-0.035316 
0.656193 
1.030085 
0.775221 
-0.708246 
-1.018647 
-0.858831 
0.206282 
0.193442 
0.248254 
1.213918 
0.197849 
0.168097 
1.045531 
0.080940 
-0.128606 
0.092196 
-0.177794 
-1.176540 
0.111650 
-0.710577 
-1.364642 
0.092217 
-0.310702 
-1.924219 
-3.254493 
-0.333019 
-2.086887 
-3.340227 
1.341153 
2.230804 
1.577973 
0.840500 
1.286267 
1.472621 
0.848880 
1.559132 
0.005961 
0.301689 
0.374748 
0.436350 
-0.297454 
-0.272614 
-0.456120 
-0.070609 
-0.161774 
0.543030 
1.299329 
1.152089 
-0.713582 
-1.383497 
-0.757545 
0.187280 
0.142939 
-0.430772 
-0.020531 
0.144205 
-0.548525 
0.083315 
0.018188 
-0.212156 
-0.048258 
-0.031947 
-0.828706 
0.117313 
0.749030 
0.678626 
0.458750 
-0.009679 
-1.752443 
-3.484482 
0.001489 
-1.830744 
-3.318837 
1.856497 
2.850761 
2.145766 
0.878820 
-0.034767 
1.981245 
0.747903 
-0.490280 
0.172872 
0.480688 
0.336987 
0.143160 
-0.193116 
-0.310270 
-0.818595 
0.055196 
0.020298 
0.737176 
1.069775 
1.076423 
-0.668986 
-0.741226 
-1.360382 
0.177716 
0.142327 
-0.634401 
-0.812200 
0.146105 
0.371469 
1.309394 
0.017201 
-0.135909 
0.127311 
0.457435 
0.270647 
-0.056689 
-0.152280 
-1.228126 
0.445013 
-0.015598 
-1.654691 
-3.456726 
-0.025205 
-1.974525 
-3.333666 
1.849955 
2.874045 
2.117561 
0.870816 
-0.301957 
1.997484 
0.676953 
-0.069460 
0.001395 
0.323871 
0.288252 
0.139272 
-0.351574 
-0.074559 
0.200768 
-0.098718 
-0.137585 
0.588682 
0.723781 
0.985269 
-0.823295 
-0.963053 
-0.802507 
0.242482 
0.220105 
-0.079295 
0.391056 
0.224290 
0.013936 
0.582030 
0.112337 
0.048529 
0.262479 
0.353741 
0.021665 
-0.019824 
-0.574084 
-1.799447 
0.247002 
-0.143488 
-1.661039 
-3.062991 
-0.161137 
-1.858140 
-3.138219 
1.453638 
2.345132 
1.681535 
0.987140 
0.928409 
1.579490 
0.546656 
0.256013 
-0.173013 
0.109991 
0.421787 
0.874091 
-0.469366 
-0.558998 
-0.650885 
-0.250686 
-0.233684 
0.342308 
1.337298 
2.731661 
-0.876686 
-1.286066 
-1.317750 
0.541297 
0.502937 
0.191731 
0.754883 
0.509349 
0.189645 
0.724408 
0.392253 
0.268942 
0.410835 
-0.630706 
-1.748290 
0.402093 
-0.683227 
-1.826152 
0.200341 
-0.204932 
-1.827518 
-3.355452 
-0.232094 
-2.006843 
-3.418516 
1.465176 
2.378105 
1.696280 
1.080071 
0.808892 
1.608708 
0.943658 
0.864125 
-0.024067 
0.278420 
0.409593 
0.613724 
-0.328833 
-0.257416 
-0.293361 
-0.097909 
-0.092947 
0.532589 
0.826918 
0.556947 
-0.751856 
-0.857054 
-0.514749 
0.224557 
0.193989 
0.098329 
1.008446 
0.198328 
-0.248575 
0.349752 
0.084514 
-0.054978 
-0.048267 
-0.823263 
-1.862639 
0.251171 
0.433981 
0.194657 
0.234155 
-0.167217 
-1.753165 
-3.083729 
-0.182908 
-1.862224 
-3.219500 
1.467724 
2.373860 
1.702183 
0.828681 
0.486903 
1.599434 
0.724518 
0.851287 
0.218618 
0.506956 
0.731888 
0.872546 
-0.086672 
-0.090240 
-0.257802 
0.137052 
0.072433 
0.743958 
1.108633 
0.565066 
-0.489120 
-1.391240 
-2.642077 
-0.023006 
-0.041654 
0.016136 
0.908398 
-0.034727 
0.077882 
0.975620 
-0.167467 
-0.361962 
-0.180458 
0.014489 
-0.544105 
-0.108050 
0.150245 
-0.681341 
0.475642 
0.026886 
-1.793158 
-3.372741 
-0.010307 
-1.996814 
-3.431140 
1.886545 
2.908007 
2.141228 
0.870565 
-0.211467 
2.048010 
0.722176 
-0.263432 
-0.017829 
0.323972 
0.479745 
0.744525 
-0.351925 
-0.268444 
-0.343195 
-0.093730 
-0.097885 
0.610400 
0.813041 
0.802969 
-0.819635 
-0.846846 
-0.935163 
0.728569 
0.674408 
0.135677 
0.361008 
0.680849 
-1.487195 
-0.746696 
0.548903 
0.589181 
0.635431 
0.016351 
-0.982150 
0.528497 
-0.312383 
-1.370450 
-0.063169 
-0.529386 
-2.316065 
-4.146062 
-0.550491 
-0.758509 
-2.290783 
1.377906 
2.436403 
1.638242 
0.607125 
1.402814 
1.540515 
0.466170 
1.185288 
-0.047609 
0.290552 
0.428549 
0.542925 
-0.401545 
-0.205736 
-0.025957 
-0.140288 
-0.229809 
0.572432 
1.155977 
0.941572 
-0.883019 
-1.199965 
-0.798078 
1.323381 
1.175347 
-1.009171 
-1.580579 
1.190534 
-1.182368 
-1.651036 
1.045847 
1.191524 
1.123614 
0.102582 
-1.189515 
1.021229 
-0.127678 
-1.433711 
-0.332698 
-0.831953 
-0.755699 
-2.708577 
-0.881613 
-1.045804 
-2.861903 
1.294848 
2.476436 
1.582174 
0.431929 
1.006675 
1.492260 
0.248074 
0.885853 
-0.053888 
0.343490 
0.430368 
0.737245 
-0.441492 
-0.281894 
-0.235268 
-0.138873 
-0.161675 
0.686499 
1.134322 
0.949951 
-0.988182 
-1.078403 
-0.902198 
0.348443 
0.265818 
-0.239268 
0.258668 
0.254414 
-0.943830 
-0.939507 
0.140653 
-0.194622 
-0.011392 
0.009254 
-0.652357 
0.328693 
0.783037 
0.591997 
0.366493 
-0.141624 
-1.788281 
-3.272197 
-0.028198 
-1.592186 
-3.193240 
1.748502 
2.697047 
2.121471 
0.862769 
-0.124915 
1.784734 
0.531134 
0.028491 
0.512105 
0.749856 
0.065222 
-0.844330 
0.079477 
-0.201161 
-0.804704 
0.306737 
0.013787 
0.941866 
1.271195 
1.155030 
-0.417179 
-0.781056 
-2.046845 
0.105879 
0.079709 
-1.051030 
-0.842337 
0.082401 
0.155832 
1.377315 
-0.047897 
-0.144696 
0.060239 
1.076200 
-0.118814 
-0.101109 
0.291301 
-0.922995 
0.243170 
-0.223506 
-1.654110 
-3.463834 
-0.228803 
-2.230411 
-3.389172 
1.660468 
2.695672 
1.933759 
1.069275 
0.552019 
1.803134 
0.548054 
0.684283 
0.073652 
0.395714 
0.247048 
-0.011397 
-0.284821 
-0.192138 
-0.056856 
-0.031043 
-0.124617 
0.660523 
0.878480 
0.806673 
-0.763956 
-1.053541 
-0.543720 
0.147470 
0.103731 
-0.402312 
0.258678 
0.116057 
-0.727601 
0.596328 
-0.021523 
-0.217203 
-0.053711 
-0.041244 
-0.624267 
0.051171 
0.548157 
0.266271 
0.458681 
0.010318 
-1.797783 
-3.559940 
-0.055364 
-1.940361 
-3.203858 
1.915563 
2.967504 
2.162109 
0.848646 
-0.267423 
2.099993 
0.811441 
-0.449525 
-0.011878 
0.358591 
0.301704 
0.147529 
-0.338136 
-0.173495 
-0.149085 
-0.066600 
-0.083703 
0.664465 
0.929381 
1.099478 
-0.810167 
-0.808573 
-1.059513 
0.260301 
0.215442 
-0.855160 
-0.888030 
0.221140 
0.149005 
1.221851 
0.090792 
-0.080300 
0.127467 
0.389823 
-0.231626 
0.091069 
0.195609 
-0.907385 
0.431252 
-0.028333 
-1.532755 
-3.358610 
-0.047818 
-2.047386 
-3.398073 
1.850218 
2.886604 
2.117311 
0.839842 
-0.201705 
2.002916 
0.593827 
-0.107290 
-0.081705 
0.250627 
0.517392 
0.882817 
-0.431704 
-0.320812 
-0.306443 
-0.174275 
-0.202870 
0.530750 
0.766464 
1.004476 
-0.910564 
-0.904211 
-0.619942 
1.417275 
1.198463 
-0.691113 
-1.390306 
1.221829 
-0.845089 
-1.108138 
1.069439 
1.561270 
1.179274 
-0.170720 
-1.441246 
1.039594 
-0.824311 
-2.216221 
-1.031578 
-1.534856 
-0.125937 
-2.266638 
-1.618687 
-0.294785 
-2.354913 
0.709181 
1.940908 
1.011360 
0.608803 
1.493357 
0.926045 
0.873192 
1.664548 
0.060075 
0.502690 
0.639591 
0.769432 
-0.340272 
-0.938225 
-0.627952 
-0.007907 
0.006277 
0.874279 
1.152354 
0.902432 
-0.910453 
-1.051601 
-1.030720 
-0.028670 
-0.062697 
-0.753701 
-0.487056 
-0.056700 
-0.047142 
0.850062 
-0.180556 
-0.332865 
0.283755 
1.144696 
1.954824 
-0.627989 
-1.027416 
-0.628543 
0.237919 
-0.192201 
-1.768057 
-3.399817 
-0.217821 
-2.087399 
-3.325957 
1.573578 
2.535708 
1.824440 
0.986224 
0.757452 
1.717350 
0.630134 
0.728446 
-0.271616 
0.046260 
0.028213 
0.531215 
-0.596023 
-0.476670 
0.038535 
-0.352295 
-0.206778 
0.130465 
0.416371 
1.100551 
-0.888044 
-0.314253 
0.814069 
-0.116489 
-0.138170 
-0.204602 
0.619887 
-0.131939 
-0.180630 
0.687009 
-0.263377 
-0.450119 
-0.249593 
0.215361 
0.160206 
-0.237030 
0.264102 
0.025384 
0.475064 
0.025379 
-1.777456 
-3.351435 
-0.005991 
-1.979288 
-3.412872 
1.878921 
2.896508 
2.137318 
0.938673 
-0.213357 
2.035332 
0.802253 
-0.449048 
-0.031496 
0.305152 
0.536278 
0.950453 
-0.368414 
-0.306050 
-0.457938 
-0.112118 
-0.124250 
0.587872 
0.726436 
1.117191 
-0.838568 
-0.822728 
-1.161820 
0.377231 
0.319335 
-0.869343 
-0.482027 
0.341314 
-0.615781 
0.449337 
0.200924 
0.119483 
0.260016 
0.210606 
-0.962852 
0.178651 
0.641574 
-0.168468 
0.281456 
-0.127807 
-1.531923 
-3.287719 
-0.255957 
-1.964479 
-3.153197 
1.727541 
2.774996 
1.924844 
0.772061 
0.669168 
1.958564 
0.634690 
-0.422237 
-0.317965 
0.087772 
0.546237 
0.940220 
-0.595712 
0.076810 
0.918632 
-0.317408 
-0.275931 
0.422405 
1.035423 
1.238317 
-1.046092 
-1.296105 
-1.416604 
0.305086 
0.262413 
-1.088143 
0.676113 
0.261301 
-0.964893 
-0.191590 
0.125278 
0.069615 
0.182697 
1.012676 
-0.268532 
0.119807 
0.412600 
-0.914429 
0.214774 
-0.301142 
-1.773016 
-2.856429 
-0.273852 
-2.016778 
-3.737811 
1.733302 
2.853978 
2.053485 
0.958546 
0.430824 
1.860167 
0.458497 
0.395458 
0.067620 
0.391567 
0.485136 
0.362161 
-0.340317 
-0.120334 
-0.145956 
-0.073613 
-0.144031 
0.667833 
1.001028 
0.814489 
-0.870434 
-1.240789 
-0.854361 
0.015434 
-0.007822 
-0.228163 
0.707825 
-0.000553 
-0.263503 
0.511820 
-0.132510 
-0.273609 
-0.187236 
-0.106220 
-0.825037 
-0.039171 
0.470634 
0.358109 
0.475597 
0.029136 
-1.771227 
-3.331331 
-0.008864 
-1.985859 
-3.450921 
1.880601 
2.911093 
2.132222 
0.847550 
-0.125731 
2.044515 
0.812018 
-0.458800 
-0.006885 
0.334087 
0.516079 
0.831837 
-0.339140 
-0.301190 
-0.456390 
-0.081746 
-0.111872 
0.617614 
0.864339 
0.877598 
-0.800141 
-0.799932 
-1.144258 
-0.053158 
-0.031845 
-0.026604 
-1.145121 
-0.026859 
-0.046629 
-1.084154 
-0.135023 
-0.008508 
-0.198187 
0.469428 
0.888825 
-0.239101 
0.689151 
0.947786 
-0.264846 
-0.617171 
-2.069093 
-3.200996 
-0.655656 
-2.234152 
-3.240910 
0.851303 
1.630845 
1.035533 
1.561559 
2.245983 
0.966452 
1.603422 
2.387728 
0.004653 
0.281748 
0.334507 
0.495977 
-0.252395 
-0.194405 
-0.350086 
-0.046736 
-0.044946 
0.512193 
0.817325 
0.623617 
-0.622754 
-0.971543 
-0.587157 
0.330750 
0.288898 
0.056629 
0.807329 
0.293237 
-0.508416 
-0.312111 
0.177132 
-0.061998 
0.004243 
-0.835228 
-1.863529 
0.375497 
1.208733 
0.038835 
0.150818 
-0.263724 
-1.892783 
-3.317942 
-0.275312 
-1.881965 
-3.287009 
1.420879 
2.315591 
1.639691 
1.252680 
1.441154 
1.580008 
0.687057 
0.430859 
-0.012804 
0.280948 
0.301015 
-0.088407 
-0.330455 
-0.412864 
-0.946870 
-0.100877 
-0.077834 
0.516687 
1.261168 
1.711316 
-0.726379 
-0.697894 
-0.676751 
0.011840 
-0.010890 
-0.184282 
1.364698 
-0.008860 
-0.854015 
-0.311999 
-0.141672 
-0.256635 
-0.167100 
0.245116 
0.131130 
-0.074319 
0.308566 
-0.051577 
0.444662 
-0.033557 
-1.891089 
-2.976556 
-0.035464 
-1.873542 
-3.522971 
1.889207 
2.955089 
2.179018 
0.935570 
-0.285926 
2.025809 
0.701135 
-0.511386 
0.027106 
0.353501 
0.409203 
0.331548 
-0.341315 
-0.094802 
-0.026253 
-0.082784 
-0.161663 
0.628022 
0.897728 
1.121677 
-0.833022 
-0.934450 
-1.294496 
0.149624 
0.120517 
0.209185 
0.985023 
0.129697 
-0.704967 
-0.992569 
-0.003437 
-0.204401 
-0.059932 
-0.048854 
-0.701699 
0.095260 
0.626705 
0.399848 
0.473971 
0.030628 
-1.777203 
-3.442572 
-0.018494 
-1.789437 
-3.455984 
1.886168 
2.903349 
2.137078 
0.853272 
-0.272673 
2.052734 
0.811358 
-0.392194 
0.027892 
0.377690 
0.201279 
0.007229 
-0.298314 
-0.047197 
0.055971 
-0.037754 
-0.068139 
0.665566 
0.843118 
0.806572 
-0.759018 
-0.733902 
-1.040991 
0.782850 
0.577595 
-0.791593 
-0.475516 
0.597679 
-0.797264 
-0.523582 
0.480719 
0.187103 
0.493178 
0.501831 
-0.220551 
0.428769 
-0.557951 
-0.683267 
0.032361 
-0.352010 
-1.488037 
-3.241214 
-0.419356 
-1.797985 
-3.417647 
1.397768 
2.378437 
1.613331 
0.313082 
-0.587622 
1.594435 
1.668424 
2.306033 
-0.036136 
0.312517 
0.675065 
0.802662 
-0.354729 
-0.492383 
-0.276020 
-0.090218 
-0.116605 
0.611561 
0.836937 
0.858087 
-0.795524 
-1.537499 
-0.397717 
0.850122 
0.677288 
-0.776357 
-0.277928 
0.691209 
-0.843264 
-0.415564 
0.564932 
0.514913 
0.570166 
-0.086738 
-1.051846 
0.566574 
0.057805 
-1.041312 
0.095813 
-0.348284 
-1.613833 
-3.483546 
-0.381230 
-1.821410 
-3.554576 
1.561636 
2.655997 
1.830731 
0.591919 
1.233755 
1.733052 
0.382466 
1.117509 
-0.000206 
0.351198 
0.619723 
0.602300 
-0.361868 
-0.486668 
-0.413377 
-0.088199 
-0.172535 
0.652889 
0.854400 
0.294263 
-0.855851 
-0.650795 
-0.345275 
0.248019 
0.215698 
0.211864 
0.848201 
0.221583 
0.203920 
0.781183 
0.096967 
0.032256 
0.123940 
-0.401963 
-1.229146 
0.106182 
-0.237005 
-1.221698 
0.242600 
-0.189712 
-1.930840 
-3.536297 
-0.215089 
-2.110106 
-3.603067 
1.585598 
2.578900 
1.818099 
0.641045 
1.281386 
1.750178 
0.495118 
1.192187 
-0.001450 
0.317399 
0.411543 
0.596198 
-0.327103 
-0.275168 
-0.333060 
-0.082758 
-0.148414 
0.590325 
0.696392 
0.172201 
-0.774255 
-0.569992 
-0.271858 
0.170917 
0.139092 
-0.226916 
0.498972 
0.149273 
-0.631133 
-0.026896 
0.015133 
-0.122211 
-0.015201 
-0.099473 
-0.822291 
0.083508 
0.594373 
0.292854 
0.466384 
0.023581 
-1.780851 
-3.482936 
-0.031540 
-1.860725 
-3.492818 
1.886253 
2.925161 
2.134817 
0.855187 
-0.114713 
2.057787 
0.810095 
-0.395680 
-0.015984 
0.339618 
0.254061 
0.152913 
-0.340306 
-0.115886 
-0.162301 
-0.077054 
-0.104785 
0.634458 
0.923580 
1.110815 
-0.805697 
-0.809651 
-0.983783 
-0.027624 
-0.047417 
-0.593412 
-0.139566 
-0.035140 
0.041153 
1.548441 
-0.174177 
-0.263242 
-0.113517 
0.147546 
-0.097971 
-0.180948 
0.216433 
-0.280557 
0.464022 
0.022279 
-1.765329 
-3.584999 
-0.051342 
-2.092843 
-2.986749 
1.912947 
2.973733 
2.148383 
0.847596 
-0.360795 
2.103756 
0.778544 
-0.409204 
-0.018736 
0.354707 
0.368700 
0.273135 
-0.335562 
-0.248438 
-0.198957 
-0.065218 
-0.039068 
0.662393 
0.802951 
1.038423 
-0.805728 
-0.844613 
-0.943990 
0.012132 
-0.025650 
0.522225 
1.700250 
-0.019756 
-0.752976 
-0.711790 
-0.149680 
-0.280522 
-0.210615 
-0.101091 
-0.508058 
-0.049278 
0.409634 
0.165176 
0.461505 
0.007720 
-1.749059 
-3.141008 
-0.015653 
-1.842198 
-3.520840 
1.867409 
2.895780 
2.124417 
0.839722 
-0.283641 
2.026562 
0.763962 
-0.434679 
0.053116 
0.384958 
0.284870 
0.194936 
-0.290472 
-0.106983 
-0.097147 
-0.034930 
-0.084842 
0.663331 
0.831887 
0.906713 
-0.754823 
-0.796962 
-1.153651 
0.544254 
0.348777 
-1.147243 
-1.026381 
0.365507 
-1.184397 
-1.014428 
0.240411 
0.130566 
0.211618 
0.669302 
0.351713 
0.259107 
0.845457 
0.405738 
0.344910 
-0.088803 
-1.325197 
-3.227093 
-0.134069 
-1.550711 
-3.264703 
1.805064 
2.899360 
2.057317 
0.802296 
-0.460180 
1.993852 
0.717085 
-0.569130 
0.035159 
0.392511 
0.611945 
0.675341 
-0.318625 
-0.579300 
-0.723858 
-0.042911 
-0.059756 
0.701921 
0.995380 
0.976802 
-0.804070 
-0.949039 
-0.911500 
0.497825 
0.433740 
-0.605068 
-0.494991 
0.439362 
-0.553201 
-0.361858 
0.312061 
0.357723 
0.305246 
0.233984 
-0.750629 
0.359782 
0.444592 
-0.618569 
0.420572 
-0.038212 
-1.553183 
-3.404210 
-0.050207 
-1.807115 
-3.516932 
1.826456 
2.863831 
2.087436 
0.810295 
-0.014946 
1.981141 
0.598099 
-0.203023 
0.015810 
0.340568 
0.521739 
0.685083 
-0.336322 
-0.318401 
-0.442049 
-0.082302 
-0.104177 
0.619750 
0.978782 
1.059872 
-0.810816 
-0.973777 
-1.153760 
0.302012 
0.253034 
-0.065009 
0.684191 
0.259631 
-0.530694 
-0.337449 
0.128861 
0.024380 
0.097691 
-0.106222 
-0.956891 
0.203601 
0.399021 
-0.356158 
0.477092 
0.019199 
-1.794567 
-3.480148 
-0.005008 
-1.849281 
-3.564301 
1.899647 
2.938249 
2.162757 
0.836064 
0.001105 
2.057250 
0.695703 
-0.393761 
0.120706 
0.456895 
0.392958 
0.289968 
-0.226811 
-0.168246 
-0.325231 
0.032043 
0.004985 
0.739744 
0.821077 
0.357709 
-0.700957 
-0.727582 
-1.067259 
0.012572 
-0.025234 
-0.573670 
-0.234657 
-0.014154 
-0.003853 
1.201754 
-0.148579 
-0.297618 
-0.132970 
0.062141 
-0.316884 
-0.122569 
0.327121 
0.266601 
0.486915 
0.046013 
-1.713359 
-3.535932 
-0.013088 
-2.024575 
-3.192011 
1.911169 
2.945714 
2.152025 
0.862571 
-0.311134 
2.091198 
0.808864 
-0.514369 
-0.030674 
0.328074 
0.409002 
0.372535 
-0.352567 
-0.177808 
-0.032036 
-0.088394 
-0.078649 
0.626721 
0.813200 
1.025342 
-0.818224 
-0.866069 
-1.130453 
0.340499 
0.278721 
-1.109835 
-0.272105 
0.285725 
-0.756155 
0.629896 
0.147927 
0.092251 
0.192231 
0.674065 
-0.594628 
0.145638 
0.665452 
-0.719681 
0.217485 
-0.268696 
-1.694699 
-3.462258 
-0.291078 
-2.186404 
-3.330174 
1.727013 
2.841736 
1.987653 
0.713820 
0.680012 
1.913347 
0.590116 
0.562128 
0.127680 
0.481730 
0.341749 
0.085765 
-0.243492 
-0.284544 
-0.416438 
0.030458 
0.002530 
0.789103 
1.069789 
0.581285 
-0.748521 
-1.071387 
-0.745707 
0.287259 
0.224765 
0.294456 
0.955828 
0.233462 
-0.757448 
-1.351114 
0.106962 
-0.057977 
0.071821 
0.026931 
-0.882930 
0.171931 
0.597611 
0.078442 
0.426018 
-0.011630 
-1.805926 
-3.480006 
-0.045792 
-1.730920 
-3.383275 
1.803726 
2.802739 
2.056616 
0.784513 
0.288492 
1.959158 
0.724594 
-0.388305 
0.064735 
0.397566 
0.281615 
0.208810 
-0.265091 
-0.164705 
-0.163272 
-0.011973 
-0.071897 
0.675256 
0.959220 
0.898432 
-0.721763 
-0.847238 
-1.239695 
0.095099 
0.056026 
-0.663858 
-1.147844 
0.058950 
0.510312 
1.221498 
-0.067921 
-0.183474 
-0.025754 
0.357352 
0.177573 
-0.069775 
0.144367 
-0.462551 
0.476687 
0.017344 
-1.652833 
-3.418642 
0.014907 
-1.885676 
-3.420207 
1.868717 
2.893965 
2.135186 
0.918744 
-0.248080 
2.013441 
0.697286 
-0.410838 
0.022488 
0.337466 
0.298060 
0.238765 
-0.332515 
-0.045903 
0.155986 
-0.083004 
-0.155290 
0.607254 
0.769334 
0.931894 
-0.807422 
-0.890201 
-1.046914 
0.028176 
0.006830 
0.313306 
1.243071 
0.009596 
-0.674852 
-0.771798 
-0.118277 
-0.256956 
-0.139122 
0.077167 
-0.115026 
-0.051577 
0.372652 
0.076809 
0.480252 
0.024400 
-1.765815 
-3.317144 
0.016760 
-1.820710 
-3.456280 
1.865658 
2.876537 
2.133308 
0.889783 
-0.268582 
2.006512 
0.750704 
-0.415382 
0.089587 
0.406409 
0.284633 
0.365176 
-0.259525 
-0.294862 
-0.631349 
-0.010643 
-0.030034 
0.674095 
0.915982 
1.189508 
-0.726969 
-0.795272 
-1.176737 
-0.086004 
-0.106783 
0.051749 
0.890122 
-0.102865 
-0.686360 
-0.447076 
-0.225399 
-0.407346 
-0.669046 
-1.088320 
-0.687994 
0.232766 
1.153483 
2.179073 
0.239072 
-0.191708 
-1.869003 
-3.244963 
-0.207730 
-1.908410 
-3.444783 
1.559039 
2.494945 
1.778825 
0.733754 
0.467879 
1.731513 
0.869905 
0.991663 
0.233783 
0.542132 
0.652833 
0.226594 
-0.093644 
0.229287 
-0.030508 
0.145844 
-0.020369 
0.655369 
0.260352 
-0.645359 
-0.362806 
-0.576646 
-1.216863 
-0.075002 
-0.070823 
-0.084419 
0.696994 
-0.066918 
-0.064975 
0.674909 
-0.170365 
-0.610018 
-0.156053 
-0.048980 
-0.266146 
-0.134270 
0.137180 
0.238886 
-0.085327 
-0.433814 
-1.806744 
-2.978157 
-0.459108 
-1.985163 
-3.079747 
1.004244 
1.677147 
1.197920 
1.091637 
1.821098 
1.130803 
1.046697 
1.858513 
-0.009871 
0.251804 
0.477030 
0.720126 
-0.269818 
-0.258885 
-0.341852 
-0.071304 
-0.080864 
0.472299 
1.548018 
2.250458 
-0.631593 
-1.711931 
-2.343616 
0.362859 
0.316913 
-0.187516 
0.278292 
0.320743 
0.055707 
0.643663 
0.202085 
-0.032847 
0.409320 
0.719873 
-0.193897 
0.030566 
-1.132454 
-1.793308 
0.235122 
-0.193653 
-1.802325 
-3.427427 
-0.199903 
-2.020055 
-3.467918 
1.539856 
2.464802 
1.801491 
0.672799 
-0.105413 
1.662432 
1.067290 
1.772901 
-0.129120 
0.168682 
0.252072 
0.431852 
-0.458355 
-0.552127 
-0.652781 
-0.224194 
-0.324266 
0.389587 
0.751560 
0.878414 
-0.887452 
-0.272253 
0.628382 
-0.242222 
-0.264045 
-0.514926 
0.048018 
-0.260394 
-0.478189 
0.058036 
-0.382002 
-0.555442 
-0.323717 
0.532111 
1.106730 
-0.401789 
0.596668 
1.081164 
0.352785 
-0.075848 
-1.767313 
-3.344867 
-0.089575 
-1.926073 
-3.397323 
1.665872 
2.603967 
1.914812 
1.089477 
0.391228 
1.803612 
0.910720 
-0.131475 
-0.016538 
0.287887 
0.385627 
0.563101 
-0.342506 
-0.283429 
-0.354355 
-0.105711 
-0.123060 
0.540365 
0.916492 
1.590685 
-0.784082 
-0.883990 
-1.390486 
-0.040525 
-0.060548 
-0.790349 
-0.502702 
-0.053011 
0.658184 
1.865550 
-0.185868 
-0.299768 
-0.102170 
0.271460 
0.179341 
-0.227690 
0.026045 
-0.737949 
0.436554 
-0.010226 
-1.670523 
-3.499539 
-0.051182 
-1.908269 
-3.097592 
1.846343 
2.881054 
2.097694 
0.865994 
-0.302366 
2.010802 
0.698708 
-0.297453 
-0.057411 
0.286654 
0.426616 
0.407788 
-0.388727 
-0.109348 
0.084210 
-0.129975 
-0.136520 
0.568137 
0.738473 
1.027263 
-0.854612 
-0.925928 
-0.936619 
0.074080 
0.042420 
-0.239406 
0.312888 
0.045720 
-0.312464 
0.562472 
-0.084282 
-0.302764 
-0.107197 
0.032478 
-0.654488 
-0.016638 
0.466562 
0.180620 
0.485847 
0.020446 
-1.795776 
-3.543223 
0.012824 
-1.964436 
-3.394282 
1.901649 
2.913275 
2.172642 
0.899882 
-0.112878 
2.048637 
0.790708 
-0.435316 
0.124125 
0.447933 
0.238117 
-0.091605 
-0.233291 
-0.293085 
-0.590693 
0.021380 
0.042274 
0.721807 
0.991067 
1.020358 
-0.710099 
-0.714214 
-0.974075 
0.347716 
0.286945 
-0.246203 
0.175338 
0.297628 
-0.208030 
0.121001 
0.175355 
-0.065153 
0.112796 
-0.093030 
-0.911422 
0.266304 
0.358844 
-0.618090 
0.328793 
-0.082058 
-1.726508 
-3.387204 
-0.130777 
-1.913586 
-3.472935 
1.647276 
2.575331 
1.862117 
0.614014 
0.190981 
1.824170 
0.686530 
0.983857 
0.136864 
0.465239 
0.766427 
1.177116 
-0.166776 
-0.004658 
0.052579 
0.077593 
0.035278 
0.743523 
0.761358 
0.145442 
-0.594262 
-1.428461 
-2.167263 
1.137684 
0.946621 
-0.702041 
-1.604163 
0.961305 
-0.749968 
-1.554348 
0.841467 
0.666768 
0.981271 
0.278745 
-0.972060 
0.695942 
0.030845 
-0.958070 
-0.071805 
-0.495758 
-1.368457 
-3.001432 
-0.527906 
-1.589998 
-3.089180 
1.339370 
2.384005 
1.631938 
0.868928 
0.955703 
1.471421 
0.449685 
1.043484 
-0.166727 
0.171896 
0.376739 
0.624051 
-0.516173 
-0.829815 
-1.184248 
-0.251671 
-0.348460 
0.439107 
1.284228 
1.458131 
-0.986836 
-0.334984 
0.264764 
1.498467 
1.193919 
-0.156316 
-2.357870 
1.220604 
-0.300975 
-2.299338 
1.083895 
1.583145 
0.843549 
-0.519798 
-1.722033 
1.214784 
-0.215682 
-1.066352 
-1.298845 
-1.749851 
-0.166001 
-0.664678 
-1.831293 
-0.312211 
-0.870339 
0.349475 
1.494839 
0.429480 
0.562414 
1.296166 
0.760493 
0.435926 
1.564425 
0.054954 
0.478742 
1.232981 
1.124903 
-0.345014 
-1.405815 
-1.710042 
-0.015745 
-0.012452 
0.845178 
1.632628 
1.383432 
-0.805605 
-1.464736 
-0.993408 
1.244452 
0.964714 
-0.219895 
-2.214461 
0.983230 
-0.431880 
-2.287016 
0.858179 
1.252389 
0.826277 
-0.315636 
-1.175071 
0.821844 
0.195160 
-0.502284 
-1.274537 
-1.717484 
-0.263837 
-0.804829 
-1.745864 
-0.255500 
-0.700535 
0.272124 
1.379585 
0.587979 
0.867877 
1.867757 
0.424605 
0.151528 
1.211129 
0.151726 
0.522124 
1.370655 
1.320382 
-0.246703 
-1.140767 
-1.355774 
0.050105 
0.097955 
0.835424 
1.687146 
1.861648 
-0.778508 
-2.138308 
-2.237107 
0.410050 
0.356991 
-0.330530 
-0.294798 
0.359180 
-0.205443 
0.031459 
0.249760 
0.342481 
0.288740 
0.559959 
-0.252752 
0.250089 
-0.484617 
-1.280569 
0.172209 
-0.233700 
-1.688603 
-3.244336 
-0.226685 
-1.858048 
-3.300575 
1.395204 
2.301072 
1.639371 
0.596380 
0.031642 
1.510911 
1.020800 
1.884359 
0.162936 
0.433647 
0.560421 
0.821667 
-0.156221 
-0.331566 
-0.452529 
0.061883 
-0.028766 
0.663509 
1.093083 
1.425726 
-0.573786 
-1.589815 
-2.090189 
0.285047 
0.223630 
-0.757512 
-0.876062 
0.214884 
-0.353648 
0.080753 
0.110083 
0.000793 
-0.042131 
0.334994 
-0.333652 
0.312761 
0.454525 
0.345536 
0.167988 
-0.285315 
-1.582683 
-3.249145 
-0.198448 
-1.809836 
-3.129504 
1.414632 
2.308312 
1.723543 
0.757609 
-0.169850 
1.475394 
0.881819 
1.695484 
0.420869 
0.645449 
0.577177 
0.446848 
0.041456 
-0.663252 
-1.354052 
0.249101 
0.076416 
0.832217 
1.369996 
1.454592 
-0.394824 
-1.522193 
-2.179801 
0.529538 
0.454701 
-0.305070 
-0.277693 
0.449916 
-0.368464 
-0.293874 
0.343524 
0.494043 
0.421715 
0.510659 
-0.309354 
0.315230 
-0.725763 
-1.239109 
0.123414 
-0.319250 
-1.784581 
-3.438112 
-0.255111 
-1.767170 
-3.219056 
1.378064 
2.311994 
1.689870 
0.699823 
0.025602 
1.433471 
1.105639 
2.015403 
0.172425 
0.413565 
0.462216 
0.458034 
-0.193346 
-0.718340 
-1.250496 
0.019880 
-0.144024 
0.612796 
1.264889 
1.615590 
-0.649562 
-1.207256 
-0.856370 
0.136324 
0.100296 
-0.607617 
-0.730497 
0.103213 
0.505494 
1.414248 
-0.024597 
-0.188410 
0.090604 
0.400683 
0.112589 
-0.099682 
-0.174471 
-1.038178 
0.460612 
-0.000837 
-1.666969 
-3.468121 
-0.004297 
-1.922559 
-3.297869 
1.859623 
2.875212 
2.136107 
0.894380 
-0.230212 
1.995581 
0.673454 
-0.304106 
-0.002826 
0.314288 
0.313577 
0.179926 
-0.358723 
-0.074051 
0.224016 
-0.107933 
-0.147363 
0.572630 
0.751960 
1.049745 
-0.832081 
-0.966287 
-0.916879 
-0.047062 
-0.084639 
0.279604 
1.559587 
-0.080731 
-0.644534 
-0.428744 
-0.209675 
-0.413634 
-0.226317 
0.082076 
0.016080 
-0.146945 
0.279490 
0.065443 
0.475891 
0.015030 
-1.796037 
-3.074211 
0.005276 
-1.895102 
-3.580094 
1.882853 
2.888057 
2.145502 
0.893752 
-0.302375 
2.035676 
0.761158 
-0.455375 
0.018534 
0.341454 
0.431240 
0.528097 
-0.334884 
-0.242438 
-0.244899 
-0.081659 
-0.156966 
0.617962 
0.796747 
1.070045 
-0.808102 
-0.813978 
-1.121152 
0.190866 
0.164382 
-0.013452 
0.635087 
0.172295 
-0.739959 
-0.608033 
0.040053 
-0.109516 
0.069800 
0.197159 
-0.322647 
0.051233 
0.365777 
-0.093045 
0.488525 
0.042840 
-1.808165 
-3.535337 
0.001473 
-1.752979 
-3.428541 
1.895965 
2.917574 
2.148773 
0.879229 
-0.227865 
2.058820 
0.759241 
-0.439553 
0.023543 
0.367293 
0.265935 
0.338166 
-0.307233 
-0.194558 
-0.441380 
-0.048663 
-0.015743 
0.653848 
0.914754 
1.118994 
-0.775077 
-0.859061 
-1.040817 
0.103107 
0.076657 
0.066328 
0.776430 
0.085476 
0.031223 
0.671213 
-0.042992 
-0.248727 
0.049558 
0.541785 
0.261596 
-0.103752 
-0.519010 
-1.748893 
0.397095 
-0.029833 
-1.798310 
-3.417659 
-0.077571 
-1.985115 
-3.477305 
1.758532 
2.743064 
1.998639 
0.841751 
-0.263073 
1.921146 
0.605880 
0.782758 
-0.033102 
0.304555 
0.442118 
0.631858 
-0.347583 
-0.284497 
-0.336890 
-0.096088 
-0.142829 
0.579838 
0.720664 
0.930630 
-0.795882 
-0.955513 
-0.617279 
-0.096540 
-0.112190 
0.047456 
0.789670 
-0.103515 
0.060896 
0.752651 
-0.236591 
-0.389239 
-0.222427 
0.083913 
-0.122603 
-0.206790 
0.111066 
-0.355758 
0.498466 
0.059849 
-1.758012 
-3.398313 
0.009460 
-1.964765 
-3.479309 
1.899794 
2.919302 
2.137815 
0.891771 
-0.275825 
2.074328 
0.764336 
-0.378898 
0.000797 
0.348847 
0.420970 
0.586940 
-0.321187 
-0.276409 
-0.368602 
-0.062686 
-0.097943 
0.639924 
0.791775 
1.034645 
-0.781724 
-0.839100 
-1.076246 
0.239186 
0.195069 
0.109131 
0.838468 
0.205231 
0.248901 
0.841354 
0.089300 
0.046271 
0.111552 
0.036866 
-1.138839 
0.080986 
-0.771542 
-1.131935 
0.079862 
-0.303463 
-1.883408 
-3.281255 
-0.354665 
-2.068975 
-3.406476 
1.315773 
2.226276 
1.505682 
0.300685 
0.296001 
1.494776 
1.790197 
2.288990 
-0.032890 
0.279034 
0.499280 
0.753223 
-0.313733 
0.033722 
0.302021 
-0.083449 
-0.185211 
0.543315 
0.644352 
0.525541 
-0.710983 
-1.618162 
-0.636059 
0.032784 
0.002665 
-0.073025 
0.331750 
0.016771 
-0.310959 
-0.287832 
-0.096266 
-0.429794 
-0.299589 
0.218763 
0.225990 
0.100176 
0.449894 
0.118671 
0.067365 
-0.276471 
-1.787937 
-3.123209 
-0.359944 
-1.947645 
-3.305327 
1.234906 
2.021097 
1.360051 
0.390398 
-0.738707 
1.449659 
2.065560 
2.950203 
-0.036528 
0.279461 
0.548751 
0.750299 
-0.274123 
0.100388 
0.212739 
-0.052755 
-0.093062 
0.529669 
0.820100 
1.037273 
-0.598934 
-1.711501 
-1.511775 
0.177030 
0.141412 
0.202999 
1.159855 
0.148847 
-0.849474 
-1.003039 
0.018692 
-0.173470 
-0.079157 
-0.251066 
-1.235902 
0.157319 
0.788890 
0.797065 
0.423976 
-0.021620 
-1.810764 
-3.353688 
-0.056424 
-1.750315 
-3.423225 
1.820810 
2.829313 
2.079467 
0.828585 
0.114551 
1.975453 
0.806216 
-0.462338 
0.053122 
0.390572 
0.246799 
0.089058 
-0.280089 
-0.147095 
-0.246372 
-0.024113 
-0.047378 
0.664764 
0.921791 
0.696986 
-0.734434 
-0.641387 
-0.942224 
0.099391 
0.033475 
0.374843 
1.504173 
0.036192 
-0.638322 
-0.591810 
-0.086118 
-0.470958 
-0.133076 
0.350962 
0.045413 
-0.025579 
0.441447 
-0.940033 
0.373547 
-0.083949 
-1.848325 
-3.257953 
-0.075451 
-1.906924 
-3.544575 
1.744616 
2.678644 
2.026504 
0.907520 
-0.212806 
1.871912 
0.692658 
0.634580 
0.101421 
0.405669 
0.242813 
0.150966 
-0.257775 
-0.256477 
-0.487094 
-0.012407 
0.001233 
0.658112 
0.990058 
1.196276 
-0.725366 
-0.777064 
-1.230365 
0.422047 
0.394521 
-0.311434 
0.533135 
0.400225 
-0.277816 
0.406573 
0.286239 
0.297764 
0.302998 
-0.852606 
-0.727226 
0.341521 
-0.832076 
-0.383864 
-0.150814 
-0.543527 
-1.987444 
-3.385500 
-0.569775 
-2.163806 
-3.494312 
1.073615 
1.983202 
1.283971 
0.892012 
1.909980 
1.222472 
1.405036 
2.524890 
0.028726 
0.321068 
0.506087 
0.632266 
-0.265682 
-0.077263 
0.041133 
-0.042706 
-0.103944 
0.567273 
0.555299 
0.031657 
-0.665877 
-0.921864 
-0.606174 
0.295069 
0.247584 
0.359917 
1.277770 
0.249469 
-0.617861 
-0.882704 
0.127961 
-0.032141 
0.175176 
0.538015 
-0.158255 
0.112818 
-0.336228 
-1.356590 
0.334063 
-0.116061 
-1.884383 
-3.410599 
-0.108354 
-1.844560 
-3.456896 
1.682755 
2.645422 
1.945600 
0.736236 
-0.000510 
1.819256 
0.623687 
1.034342 
0.069184 
0.368078 
0.193101 
-0.059629 
-0.282181 
-0.209267 
-0.287016 
-0.041888 
-0.102946 
0.621889 
0.914960 
1.352969 
-0.742889 
-1.012933 
-0.781432 
0.168659 
0.132248 
-0.485056 
-0.296125 
0.133692 
0.083288 
0.914384 
0.012081 
-0.217986 
0.028146 
0.346568 
0.007887 
0.027667 
0.076547 
-0.931999 
0.397845 
-0.049222 
-1.677222 
-3.384425 
-0.042453 
-1.937814 
-3.313947 
1.739245 
2.698624 
2.006255 
0.824503 
-0.289138 
1.868721 
0.661994 
0.497034 
0.170980 
0.468610 
0.423874 
0.273624 
-0.177489 
-0.186380 
-0.218442 
0.061367 
0.054063 
0.725062 
0.982694 
1.309402 
-0.640438 
-1.134983 
-2.111944 
0.307223 
0.239356 
-0.681267 
-0.986003 
0.241753 
0.455622 
1.213540 
0.121332 
-0.173842 
0.181527 
0.524117 
0.134631 
0.077443 
-0.246275 
-1.409157 
0.340812 
-0.111532 
-1.627075 
-3.372990 
-0.100127 
-1.992543 
-3.439222 
1.695982 
2.653323 
1.966883 
0.786772 
-0.222970 
1.828453 
0.568491 
1.025743 
-0.003413 
0.294756 
0.334733 
0.174690 
-0.359802 
-0.091584 
0.147015 
-0.118430 
-0.130686 
0.550146 
0.854246 
1.242782 
-0.826478 
-1.056249 
-1.011728 
0.303649 
0.227781 
0.049994 
0.628269 
0.232384 
-0.652662 
-0.589832 
0.112308 
-0.245191 
0.086831 
0.378512 
0.052793 
0.155166 
0.144392 
-0.884396 
0.341530 
-0.101630 
-1.834910 
-3.503394 
-0.102692 
-1.806895 
-3.391073 
1.687895 
2.621917 
1.960554 
0.815142 
-0.308557 
1.816655 
0.528957 
1.276501 
0.116215 
0.420974 
0.241956 
0.018864 
-0.229790 
-0.219380 
-0.367347 
0.012721 
-0.007243 
0.679338 
1.091867 
1.452463 
-0.690577 
-0.872526 
-1.647536 
0.233133 
0.189953 
0.222160 
0.965734 
0.198905 
-0.584807 
-0.895685 
0.069919 
-0.073458 
0.024988 
-0.167795 
-1.087744 
0.148217 
0.574312 
0.182168 
0.453149 
0.016917 
-1.775236 
-3.399750 
-0.025809 
-1.801850 
-3.456441 
1.836340 
2.847232 
2.089635 
0.848816 
0.083567 
1.992467 
0.735135 
-0.444174 
0.002317 
0.341697 
0.280212 
0.175060 
-0.321938 
-0.178945 
-0.098822 
-0.067009 
-0.108962 
0.621763 
0.966410 
1.103702 
-0.778470 
-0.825691 
-1.111324 
0.139421 
0.089345 
-0.182352 
1.227505 
0.088522 
-0.519718 
-0.266282 
-0.036112 
-0.255380 
0.005333 
0.314957 
-0.014676 
-0.042634 
0.019982 
-0.567911 
0.459080 
-0.017654 
-1.812996 
-3.022733 
0.009892 
-1.871461 
-3.546316 
1.860581 
2.865226 
2.152363 
0.927486 
-0.199913 
1.983342 
0.659057 
-0.445955 
0.118581 
0.416121 
0.448179 
0.430193 
-0.260051 
-0.287442 
-0.426169 
-0.013996 
-0.047823 
0.674386 
0.982845 
1.261964 
-0.750250 
-1.067020 
-1.479518 
0.579635 
0.474509 
-0.822470 
-1.268653 
0.482521 
-0.693591 
-0.535007 
0.365680 
0.338230 
0.373466 
-0.448378 
-1.292125 
0.384709 
1.031083 
1.030390 
-0.021206 
-0.443528 
-1.247133 
-2.526544 
-0.458217 
-1.468329 
-2.631629 
1.302345 
2.223206 
1.583329 
1.239505 
1.734927 
1.414018 
0.267319 
-0.968063 
0.020239 
0.327817 
1.179375 
2.363876 
-0.310899 
-1.261357 
-2.047350 
-0.070011 
-0.289205 
0.579142 
1.459703 
0.635522 
-0.765073 
-0.792735 
-1.029044 
1.215303 
0.962062 
-1.198800 
-1.918788 
0.980930 
-1.345473 
-1.538447 
0.838393 
0.861830 
0.862142 
0.976808 
-0.425831 
0.800425 
0.205168 
-1.275722 
-0.227483 
-0.728759 
-0.869248 
-2.998481 
-0.768275 
-0.286231 
-2.333666 
1.473278 
2.752566 
1.776586 
0.196838 
-0.281869 
1.685019 
0.168683 
0.441044 
-0.033044 
0.375359 
0.967525 
1.024254 
-0.456614 
-0.925545 
-0.613532 
-0.135928 
-0.214019 
0.733770 
1.150163 
1.136425 
-1.028489 
-1.179635 
-0.800690 
1.386535 
1.134551 
-0.959205 
-1.722372 
1.148967 
-1.185802 
-1.450491 
1.011722 
0.767037 
0.956366 
-0.092780 
-1.172562 
1.058030 
0.191026 
-1.071022 
-0.464188 
-0.970255 
-1.045460 
-3.123505 
-0.977428 
-0.333547 
-2.339740 
1.205126 
2.425001 
1.535986 
0.801315 
1.280713 
1.380007 
-0.021353 
0.647327 
-0.055686 
0.327291 
1.051891 
0.999356 
-0.490991 
-0.711880 
-0.551862 
-0.181906 
-0.358985 
0.660445 
1.493726 
0.764821 
-1.066172 
-1.196622 
-0.683426 
0.873097 
0.665090 
-1.103830 
-1.467354 
0.679022 
-1.433639 
-1.445176 
0.555613 
0.140499 
0.353976 
0.420970 
-0.810272 
0.749283 
1.242298 
0.580423 
-0.195582 
-0.641324 
-1.054661 
-2.955628 
-0.661640 
-0.449402 
-2.223139 
1.277861 
2.302811 
1.539083 
0.246656 
-0.063855 
1.463016 
0.661147 
0.754656 
0.097097 
0.443211 
1.212941 
1.353553 
-0.277162 
-0.142217 
-0.035679 
-0.002623 
-0.223658 
0.725985 
1.239645 
1.137673 
-0.751732 
-1.938115 
-2.838919 
0.969708 
0.776410 
-1.079757 
-1.413876 
0.793444 
-1.371996 
-1.175374 
0.662925 
0.561167 
0.593641 
0.713168 
-0.497715 
0.738280 
0.012125 
-0.282149 
-0.342095 
-0.793144 
-1.249478 
-3.206101 
-0.841018 
-0.700339 
-2.517287 
1.172331 
2.298315 
1.416714 
0.045771 
-0.402174 
1.384771 
1.512250 
2.221485 
0.010167 
0.380877 
1.016074 
1.119568 
-0.354532 
-0.515320 
-0.307533 
-0.069543 
-0.186194 
0.701815 
1.091689 
0.950136 
-0.846969 
-2.125242 
-0.864993 
1.135057 
0.899842 
-1.188849 
-1.508364 
0.915929 
-1.439858 
-1.124937 
0.774850 
0.630872 
0.775403 
0.888647 
-0.443248 
0.769505 
0.226003 
-1.310852 
-0.108259 
-0.616724 
-1.214122 
-3.426283 
-0.641921 
-0.349977 
-2.406424 
1.572018 
2.826633 
1.870424 
0.310421 
-0.056401 
1.781821 
0.251437 
0.207356 
0.030508 
0.426386 
0.938879 
0.833300 
-0.394424 
-0.730307 
-0.570715 
-0.081327 
-0.136747 
0.776425 
1.091182 
0.871490 
-0.961708 
-1.210120 
-0.882821 
0.042703 
0.013704 
-0.562020 
-0.139327 
0.018896 
0.067472 
1.465701 
-0.112807 
-0.229654 
-0.029327 
0.265033 
-0.248117 
-0.153484 
0.032131 
-0.430903 
0.461283 
0.001922 
-1.745217 
-3.538109 
-0.019736 
-2.043101 
-3.039370 
1.881831 
2.920208 
2.153429 
0.906081 
-0.178194 
2.028950 
0.700392 
-0.490371 
0.076530 
0.410301 
0.363587 
0.202964 
-0.271765 
-0.364137 
-0.449999 
-0.014145 
-0.007637 
0.684344 
0.939772 
1.207448 
-0.749823 
-0.902722 
-1.124718