423
429
432
436
415
410
413
423
425
440
446
430
409
407
407
113
123
160
193
123
159
191
75
53
69
90
101
74
96
119
422
429
431
433
415
411
412
422
423
437
442
431
408
406
406
113
123
160
191
122
160
193
77
52
70
92
103
74
97
119
420
426
425
424
414
410
410
420
421
434
439
432
405
404
403
114
122
160
190
120
160
193
76
57
69
91
109
72
97
118
419
423
418
418
413
409
412
419
419
434
436
432
405
402
398
112
123
163
193
121
161
192
76
56
69
93
114
74
96
118
418
423
418
418
411
405
409
421
421
435
437
433
406
404
400
113
122
161
194
121
159
191
76
57
69
93
113
74
97
116
418
423
418
418
410
405
408
419
421
434
436
432
405
402
400
115
123
162
194
122
159
192
77
55
69
92
111
75
98
117
417
421
419
417
409
405
406
417
417
432
434
430
401
398
396
113
124
161
191
120
161
193
77
55
70
91
111
75
99
122
416
419
416
417
408
405
408
417
417
432
433
433
401
396
396
115
125
161
195
122
162
192
78
57
70
93
113
76
100
119
418
424
422
419
411
395
397
420
421
436
438
440
403
396
388
114
125
163
199
123
154
176
77
56
70
92
113
74
98
115
416
425
425
419
412
415
399
420
422
437
442
441
405
395
378
115
123
161
201
120
135
175
76
54
69
92
111
72
92
106
415
423
424
419
411
415
423
421
421
435
441
434
405
400
379
115
123
161
195
121
135
175
77
54
70
94
109
72
94
102
412
420
428
421
407
404
402
416
419
433
435
426
403
400
391
115
122
160
199
123
151
164
77
53
71
95
108
71
90
102
408
415
427
426
402
384
372
409
411
425
427
417
394
377
383
116
125
163
197
123
161
189
77
57
72
96
113
71
82
87
397
404
424
441
390
370
359
399
402
416
418
408
385
362
345
122
129
165
197
131
165
194
86
62
81
104
122
76
69
53
394
399
417
436
387
364
358
395
398
410
415
403
382
361
350
121
132
166
198
129
163
195
85
62
80
104
120
78
74
68
397
400
420
426
387
364
357
400
405
417
423
413
385
365
379
124
134
167
197
131
162
195
87
65
84
104
117
79
76
64
410
414
433
427
403
385
359
420
426
432
429
430
408
395
405
120
131
167
197
129
163
190
85
60
81
102
117
78
89
77
425
426
444
428
424
432
399
446
454
447
437
444
442
430
444
123
129
168
197
130
167
183
80
66
85
103
118
83
99
104
442
444
479
476
444
462
432
465
479
470
471
487
464
445
443
128
139
161
201
139
173
193
96
80
100
121
103
91
100
118
463
468
510
511
468
480
444
468
503
494
494
506
483
459
443
150
158
168
208
158
190
192
119
103
121
142
130
107
113
125
471
475
517
512
475
482
446
500
519
508
505
523
497
473
460
161
170
168
206
170
200
195
135
125
139
157
145
124
130
146
477
481
524
515
481
481
446
498
514
506
512
520
491
471
469
160
170
170
208
170
202
196
126
110
125
146
130
121
133
152
480
482
523
513
482
481
444
489
491
495
514
511
485
473
480
151
161
170
205
160
194
194
113
92
108
117
103
113
132
152
474
479
519
513
479
476
440
476
474
475
495
492
478
478
495
140
150
169
206
150
187
193
94
79
94
94
78
102
123
136
460
465
459
432
457
482
488
460
458
473
487
500
451
450
459
124
134
172
193
133
164
202
86
65
82
99
99
79
71
57